0.6964669 1.340193 -3.43078 -0.8389993 3.780129 0.9553208 0.6109977 -1.618605 -1.118071 1.006854 -0.9379783 -0.6296506 0.1383157 -2.937047 1.468634 1.641113 2.387042 -1.442799 1.899997 -1.527517 -3.232958 -1.961061 2.940557 0.08589411 -2.629098 3.625704 -3.297029 -3.675031 -3.656078 -1.698881 -0.8141513 1.294053 3.834956 -1.636288 -0.1218762 -1.289092 -0.1146436 1.872523 3.580149 -2.727593 -2.668509 -1.571849 -3.101481 0.6269078 0.008197308 -1.265517 -3.945702 -3.080636 -1.795723 -3.61368 -3.619732 1.259999 -2.511632 1.10743 -0.05794477 3.574259 -0.860148 3.092858 1.5413 2.138603 1.243723 -0.2662921 3.241193 -1.554105 0.2727389 -0.308619 
 fitness= 46.06888
0.6964669 1.340193 -3.43078 3.120581 0.7829328 0.9553208 0.6109977 -1.618605 -1.118071 1.006854 -3.75713 -0.6296506 0.1383157 -2.937047 1.468634 1.641113 2.387042 0.5642076 1.899997 -1.527517 -1.695923 -1.961061 2.940557 3.828362 -2.629098 3.625704 -3.297029 -3.675031 -3.656078 -0.9448161 3.18117 1.294053 3.834956 -3.058117 0.6948247 -0.4964366 2.062668 -0.3015103 3.580149 -2.727593 -2.668509 -1.571849 -3.101481 0.6269078 0.008197308 -1.265517 -3.945702 3.726387 -1.795723 -3.61368 3.645574 1.259999 -3.709471 1.10743 -0.05794477 3.574259 -0.860148 -3.06764 1.5413 2.138603 3.537836 -0.2662921 3.241193 1.573612 0.2727389 -0.308619 
 fitness= 46.00975
-3.330048 -1.459223 2.600369 3.120581 -3.414762 0.9553208 0.6109977 -1.618605 -1.118071 1.006854 -0.9379783 -0.6296506 0.1383157 -2.937047 1.468634 1.641113 2.387042 0.5642076 1.899997 -1.527517 -1.695923 -1.961061 2.940557 3.828362 -2.629098 3.625704 -3.297029 -3.675031 -3.656078 -0.01548147 -0.8141513 1.294053 3.834956 -1.636288 -0.1218762 -0.4964366 2.062668 -0.3015103 3.580149 -2.727593 -2.668509 -1.571849 -3.101481 0.6269078 0.008197308 0.8712726 -3.945702 3.726387 -1.795723 -3.61368 -3.619732 1.259999 0.4260364 1.10743 -0.05794477 3.574259 -0.860148 -3.06764 1.5413 2.138603 2.089718 -0.2662921 3.241193 1.573612 0.2727389 -0.308619 
 fitness= 45.90078
-2.164945 0.9690719 -3.43078 -0.7131085 -0.5931592 0.9553208 1.356581 -1.674948 3.261168 -0.6360545 -2.647173 -0.4460645 -3.433352 -2.937047 1.29578 -0.4994426 3.057798 -3.450738 -0.1853147 1.215266 1.920675 -0.5084186 2.940557 2.378901 3.941292 3.625704 1.202211 -3.694433 -0.2515445 1.77474 0.8982272 -2.482897 1.272615 1.245441 -0.1218762 3.919124 2.062668 -2.327269 -0.5413594 0.02851725 0.0156455 -0.03725958 -1.81195 0.6269078 -1.194104 -0.2063031 -3.945702 -1.305707 -1.795723 0.5882583 -2.834129 1.805032 -2.100121 -1.866642 -0.05794477 1.132226 1.314169 -3.729351 2.609316 -3.490377 1.243723 1.62205 2.085808 -3.904218 0.2727389 -0.308619 
 fitness= 45.85308
0.6964669 2.867091 -3.43078 3.183434 0.6100116 0.9553208 -0.8579707 -2.865407 3.047091 1.006854 3.087626 -0.6296506 -3.788936 2.829969 1.468634 1.641113 -1.765122 0.5642076 1.899997 -1.696369 1.920675 1.632583 2.940557 3.828362 -2.629098 0.2624125 1.202211 -1.551414 -3.656078 -1.450845 0.491631 -3.947352 0.4050202 1.245441 -0.1515079 3.691304 2.062668 -2.327269 3.580149 3.607942 0.0156455 -1.571849 -0.6608987 0.4837165 0.008197308 0.01037931 -3.945702 -2.895729 -3.797893 -1.593638 -1.817138 1.259999 -2.273921 -3.32505 0.1241317 3.574259 -0.860148 1.721889 1.5413 1.314502 1.243723 -2.727493 -1.721823 1.909009 0.2727389 -0.308619 
 fitness= 45.81493
-1.972437 0.9690719 -3.43078 3.813238 -0.5931592 0.9553208 1.356581 2.057836 3.261168 3.802451 -2.647173 -0.4460645 -3.433352 -3.03552 1.468634 -0.4994426 0.7727561 -3.450738 -0.1853147 1.215266 1.920675 3.885505 2.940557 2.378901 -2.629098 3.625704 1.202211 -3.694433 -0.2515445 1.77474 -0.8141513 -2.482897 1.272615 -2.998166 -0.1218762 -1.289092 2.062668 -2.327269 -0.5413594 2.9592 0.0156455 -0.03725958 -1.741861 0.6269078 -1.194104 -0.2063031 -3.945702 -2.895729 -1.795723 -1.593638 -2.834129 1.805032 -2.100121 1.10743 -0.05794477 3.574259 -0.860148 3.656265 2.609316 -3.490377 1.243723 1.62205 1.350478 -3.904218 0.2727389 -0.308619 
 fitness= 45.63311
0.6964669 0.9690719 -2.85597 -0.7131085 -0.5931592 0.9553208 1.356581 2.057836 3.261168 1.006854 -3.197095 -0.6296506 -3.433352 -2.937047 1.468634 2.629426 -1.765122 0.5642076 -0.1853147 1.78054 -1.558989 1.129351 -3.807224 -0.942925 -2.629098 -3.706552 1.202211 -3.694433 -0.2515445 1.77474 -1.811449 -2.482897 1.272615 1.245441 -0.1218762 1.295655 3.694504 -1.663327 3.580149 -2.727593 -3.289179 -0.03725958 -3.745011 0.6269078 -1.194104 -0.2063031 -3.945702 -3.685064 -1.795723 -1.593638 3.608795 3.176042 -2.100121 1.10743 -0.05794477 3.574259 -0.860148 -3.729351 -1.898779 -3.490377 1.243723 -0.6702714 -1.694005 -3.904218 0.2727389 -0.308619 
 fitness= 45.62908
0.6964669 0.9690719 -2.85597 -0.7131085 -0.5931592 0.9553208 1.356581 2.057836 3.261168 1.006854 -3.197095 -0.6296506 -3.433352 -2.937047 1.468634 2.629426 -1.765122 0.5642076 -0.1853147 1.78054 -1.558989 1.129351 -0.8051782 -0.942925 -2.629098 1.329922 1.202211 -3.694433 -0.2515445 1.77474 -1.811449 -2.482897 1.272615 1.245441 -0.1218762 -1.289092 2.062668 -2.657633 3.580149 -2.727593 -3.289179 -0.03725958 -3.745011 2.156542 -1.194104 -0.2063031 -3.945702 -3.685064 -1.795723 -1.593638 3.608795 3.176042 -2.100121 1.10743 -1.834106 3.574259 -0.860148 -3.729351 -1.898779 -0.7096696 0.7998004 -0.6702714 -1.694005 -3.904218 0.2727389 -0.308619 
 fitness= 45.52802
0.6964669 1.340193 -3.43078 -0.8389993 2.739504 0.9553208 0.6109977 -1.618605 -1.118071 1.006854 -0.9379783 -0.6296506 0.1383157 -2.937047 1.468634 1.641113 2.387042 0.5642076 1.899997 -1.527517 -3.232958 -1.961061 2.940557 0.6343913 -2.629098 3.625704 -3.297029 -3.675031 -3.656078 -0.9448161 -0.8141513 1.294053 -1.542061 -1.636288 -0.1218762 -1.289092 -0.1146436 -2.327269 3.580149 -0.7785068 0.6388659 -1.571849 -3.101481 0.6269078 0.008197308 -1.265517 -3.945702 3.726387 0.4262862 -3.241817 -3.619732 1.259999 -3.709471 1.10743 -0.05794477 3.574259 -0.860148 2.742289 1.5413 2.138603 1.243723 -0.2662921 3.241193 -3.547181 0.2727389 -0.308619 
 fitness= 45.51952
0.6964669 1.340193 -3.884551 3.120581 0.7829328 0.9553208 0.6109977 -1.618605 -1.118071 1.006854 -0.9379783 -0.6296506 0.1383157 -2.937047 1.468634 1.641113 2.387042 0.5642076 1.899997 -1.527517 -1.695923 -1.961061 2.940557 3.828362 -2.629098 0.6584563 -3.297029 -3.675031 -3.656078 -0.9448161 -0.8141513 1.294053 3.834956 -1.636288 -0.1218762 -0.4964366 2.062668 -0.3015103 3.580149 -2.727593 -2.668509 -1.571849 -3.101481 0.6269078 0.008197308 -1.265517 -3.945702 3.726387 1.699109 -3.61368 -3.619732 1.259999 -3.709471 1.10743 -0.05794477 3.574259 -0.860148 -3.06764 -1.896062 2.138603 1.925251 -0.2662921 3.241193 1.573612 -0.6930156 -0.308619 
 fitness= 13.2519
