-0.8542247 1.81121 3.06892 -2.904989 2.206083 -3.587332 2.618032 1.39961 -1.380396 0.03766966 -1.529955 0.06564951 1.184108 -2.514497 -2.261318 -1.684579 1.214796 -0.6175513 0.9577518 -2.544153 2.426162 -1.877388 3.373432 3.6139 0.1425405 2.480147 2.540878 -1.555653 -1.067101 -0.08458948 -0.5200906 1.73077 -3.146129 -2.377193 0.5971112 0.8345819 2.163766 3.945235 1.63041 3.016934 0.4760776 -1.712406 1.034481 -0.4253821 1.725746 -3.42393 -0.7771907 -1.177619 3.616686 -0.1898828 2.001219 1.654369 2.96157 2.61937 0.9333282 1.800413 0.1865296 -1.858728 0.3644967 -1.880826 1.127453 -3.607388 2.326756 -1.146433 -0.05059576 -0.4446177 
 fitness= 46.45305
0.9620795 2.071113 -0.0258956 -1.554121 -0.100493 -0.7417092 1.833252 -2.764595 -3.559919 1.858011 3.27407 -2.355374 -2.855614 3.248146 1.391597 -1.557697 3.560471 2.536644 2.609662 3.565086 -3.064617 1.663692 -2.105837 1.082336 -1.359862 2.239486 -0.05886316 -2.261488 -1.400838 3.869891 3.158854 0.5736804 -0.5676637 0.4457107 -3.477717 2.600447 1.391568 -2.429206 1.812939 -0.9209962 -3.588857 -2.916 3.675099 1.215421 -2.442385 -2.299399 3.007988 -2.900879 -2.384018 2.678907 0.2286839 1.307415 -0.317595 2.227839 0.4587159 -1.483603 -2.698906 0.0572381 -3.85544 -0.5721726 2.537842 -1.960696 0.8862367 1.94903 1.487293 -0.1508822 
 fitness= 45.11496
0.9620795 2.071113 1.03555 -1.554121 -0.100493 -0.7417092 1.833252 -2.764595 0.128057 1.858011 3.27407 -2.355374 -2.855614 3.248146 1.391597 -1.557697 3.560471 2.536644 2.609662 3.565086 -3.064617 1.663692 -2.105837 1.082336 -1.359862 2.239486 -0.05886316 1.336014 -1.400838 3.869891 3.158854 0.5736804 -0.5676637 0.4457107 -3.477717 2.600447 1.391568 -2.429206 1.812939 -0.9209962 -3.585702 -2.916 -3.09799 1.215421 -2.442385 -2.299399 -3.383049 -2.900879 -2.384018 2.678907 0.2286839 1.307415 -0.317595 2.227839 -0.5615754 -1.483603 -2.698906 0.0572381 2.263152 -2.855828 2.537842 -1.960696 0.8862367 1.94903 1.487293 -0.1508822 
 fitness= 16.00906
-0.8542247 1.81121 3.06892 -2.071575 2.206083 -3.587332 2.618032 1.832139 -1.380396 0.5253062 2.357708 -0.1698165 1.184108 3.309998 1.899102 -1.684579 1.62702 0.8718143 -1.65171 -2.544153 3.367197 -0.3885255 0.920711 -2.462054 0.1425405 2.480147 2.540878 -1.555653 -1.067101 -0.08458948 -0.5200906 -3.988109 -3.146129 -0.4037509 -1.078125 3.90785 -3.037653 3.945235 1.63041 -1.500454 0.4760776 -1.51798 -1.262747 -0.4253821 1.725746 -0.7583079 3.295811 -1.177619 -0.08361006 -0.1898828 0.1547217 1.654369 2.96157 2.61937 0.9333282 0.5536313 2.54514 -1.858728 0.3644967 -1.880826 3.10249 3.990481 2.326756 -1.146433 0.5878892 2.787701 
 fitness= 14.88217
0.9834046 1.81121 3.06892 -2.071575 -3.72679 -3.587332 2.618032 1.832139 -1.380396 0.5253062 2.357708 3.791697 1.184108 0.3044515 1.899102 -1.684579 1.62702 0.8718143 -1.65171 -2.544153 3.367197 -0.3885255 0.920711 -2.462054 0.1425405 2.480147 2.540878 -1.555653 -1.067101 -0.08458948 -0.5200906 -3.988109 -3.146129 -0.4037509 -1.078125 3.90785 0.3489861 3.945235 1.63041 0.5420957 0.4760776 2.904051 -1.262747 -0.4253821 1.725746 -0.7583079 3.295811 -1.177619 -0.08361006 -0.1898828 0.1547217 1.654369 2.96157 1.199428 0.9333282 0.5536313 2.54514 -1.858728 0.3644967 -1.880826 3.10249 3.990481 2.326756 -1.146433 0.5878892 2.787701 
 fitness= 14.4419
-0.8542247 1.708115 3.06892 -2.071575 2.206083 -3.587332 2.618032 1.832139 -2.827263 0.5253062 2.357708 -0.1698165 1.184108 -2.514497 1.899102 -1.684579 1.62702 -3.238894 -1.65171 1.501202 3.367197 -0.3885255 0.920711 -2.462054 0.1425405 2.480147 2.540878 -1.555653 -1.067101 -0.08458948 -0.5200906 -3.988109 -3.146129 -0.4037509 -1.078125 3.90785 0.3489861 3.945235 1.63041 -1.500454 3.002841 2.904051 -1.262747 -0.4253821 -3.504612 -0.7583079 3.295811 -1.177619 -0.08361006 -0.1898828 3.111442 1.654369 2.96157 2.61937 0.9333282 0.5536313 2.54514 -1.858728 0.3644967 2.42244 3.10249 3.990481 2.326756 -1.146433 3.2255 2.787701 
 fitness= 14.28754
0.9620795 2.071113 -0.0258956 -1.554121 -1.514477 0.2096591 1.833252 -2.764595 -3.559919 1.858011 3.27407 -2.355374 -1.654725 2.268207 1.391597 -1.557697 0.5872941 -3.625604 1.550145 3.565086 0.0485301 1.663692 -2.105837 1.082336 3.82646 2.739943 -0.05886316 0.8087344 -1.400838 3.869891 3.158854 0.5736804 -0.5676637 0.4457107 -3.477717 2.600447 1.744721 -2.429206 0.07506609 -0.9209962 -0.1904798 -2.916 3.270836 1.215421 -2.442385 -0.1574225 -3.310729 -2.900879 0.4287858 2.678907 0.2286839 -1.933875 -1.086653 2.227839 -3.320248 2.285378 -2.698906 0.0572381 -1.888113 -2.809898 0.6147418 -1.960696 0.8862367 1.94903 1.494478 -1.021809 
 fitness= 10.80437
-0.8542247 1.81121 3.06892 -2.904989 2.206083 -3.587332 2.618032 1.39961 -1.380396 0.5253062 -0.4841323 -0.1698165 1.184108 -2.514497 -2.261318 -1.684579 1.214796 -0.6175513 0.9577518 -2.544153 2.426162 -0.3885255 3.032824 -2.462054 0.1425405 2.480147 2.540878 -1.555653 -1.067101 -0.08458948 -0.5200906 1.73077 -3.146129 -2.377193 0.5971112 0.8345819 2.163766 3.945235 1.63041 3.016934 0.4760776 -2.466545 1.034481 -0.4253821 1.725746 -0.7583079 0.1065688 -1.177619 0.9907832 3.180971 -0.5864148 1.654369 2.96157 2.61937 0.9333282 -0.1538568 0.1865296 -1.858728 0.3644967 -1.880826 1.127453 -3.007581 1.680825 -1.146433 0.5878892 -1.075323 
 fitness= 6.245639
1.422976 0.5469689 -3.790243 3.642845 -3.29568 0.3672271 -3.993459 0.4056649 -3.777028 -1.225985 -3.366416 2.070096 0.3645196 3.657327 -3.891254 3.733261 -1.654077 -2.137457 -1.59697 0.498282 -2.906507 -3.431914 0.4671512 1.092119 -3.254181 -1.447699 -3.171868 -1.987807 -3.832417 0.1052518 -0.2325625 -2.277444 -1.438669 -0.3197627 -3.427356 2.92662 -3.830174 -2.000187 -2.067654 3.322412 1.469884 1.257416 -0.7245297 -3.675978 -0.5021615 -2.184185 2.448052 -2.165323 1.78222 0.616941 3.696513 1.78604 0.02889585 2.976154 -2.45585 -0.3559146 3.29633 0.3581166 0.3129544 -0.7039771 -1.998629 1.574682 -3.370266 -3.83091 -1.758058 -1.290627 
 fitness= 5.346805
0.9620795 2.071113 -0.0258956 -1.554121 -1.514477 0.2096591 1.833252 -2.764595 0.5672851 1.858011 3.27407 -2.355374 -1.654725 2.268207 1.391597 -1.557697 0.5872941 3.029441 1.550145 3.565086 -3.064617 1.663692 -2.105837 1.082336 3.82646 2.739943 -0.05886316 0.8087344 -1.400838 -1.140687 3.158854 0.5736804 -0.5676637 0.4457107 -3.477717 2.600447 1.744721 -2.429206 3.100092 -0.9209962 -3.585702 -2.916 3.270836 1.215421 -2.442385 -0.1574225 -3.310729 -2.900879 0.4287858 2.678907 0.2286839 -1.933875 -1.086653 0.2105117 -3.320248 2.285378 -2.698906 0.0572381 -1.888113 3.441558 0.6147418 -1.960696 0.8862367 1.94903 1.494478 -1.021809 
 fitness= 4.195541
