3.893787 2.598929 0.5706611 -3.718767 -3.556158 0.1838756 2.687597 3.837513 2.91984 -3.286648 -0.07610559 -0.2836518 3.734362 1.214506 1.413421 0.8519111 3.780704 2.182861 2.151231 -2.409822 3.598905 2.144574 -1.718494 -0.535089 -3.428905 0.4988236 -2.032671 -1.765052 3.014492 -1.173391 -3.289766 -1.439488 -1.207089 2.998484 -3.725977 0.25635 -1.936317 3.390481 -3.863933 2.477482 1.671673 -2.910432 0.17872 -1.361843 1.273158 0.04947138 2.469715 -3.147225 2.035455 1.587871 -3.686164 -1.66009 -2.432251 2.647676 -3.491065 -3.823432 2.492452 -0.3451409 -1.318447 1.206038 -0.4695039 2.353661 0.7340989 2.879492 -0.9156556 0.9357934 
 fitness= 
294.1996
3.893787 2.598929 0.5706611 -3.718767 -3.556158 0.1838756 2.687597 3.837513 2.35083 -3.286648 -0.07610559 -2.027701 3.734362 1.214506 1.413421 0.8519111 3.780704 2.182861 2.151231 -2.409822 3.598905 2.144574 -1.718494 -0.535089 -3.428905 -2.925334 -2.032671 -1.765052 -3.538462 0.8138251 -3.289766 -1.439488 1.527334 2.998484 -3.725977 0.25635 2.927001 -1.576991 -3.863933 2.477482 1.671673 -0.1075959 0.17872 -0.3817306 1.273158 0.04947138 2.469715 2.321791 2.035455 1.587871 -2.6921 -1.66009 -2.432251 2.647676 -3.491065 -3.823432 2.492452 -0.3451409 -1.318447 1.206038 -0.4695039 2.353661 0.7340989 2.879492 -0.9156556 0.9357934 
 fitness= 
292.9995
3.893787 2.598929 0.5706611 -3.718767 -3.556158 -2.442437 2.687597 3.837513 2.91984 -3.286648 -0.7369504 -3.090668 3.734362 1.214506 1.413421 0.8519111 3.780704 2.963961 2.151231 -1.79256 3.598905 2.144574 -1.718494 -0.535089 -2.905672 0.4988236 -3.428494 -1.765052 -3.538462 -1.173391 -3.289766 -1.439488 -1.207089 2.998484 -3.725977 1.761326 2.927001 3.390481 -3.863933 2.477482 1.671673 -2.910432 2.324779 -1.361843 1.273158 -1.967753 2.469715 -3.147225 2.035455 -1.582416 -2.6921 -3.891007 -2.432251 2.647676 -3.491065 3.017414 2.492452 -0.3451409 -1.318447 -1.8055 -0.4695039 2.353661 0.7340989 2.879492 -0.9156556 0.9357934 
 fitness= 
190.3982
3.893787 2.598929 0.5706611 -3.718767 -3.556158 -3.367189 2.687597 3.837513 2.91984 -3.286648 -1.577314 -0.2836518 3.734362 1.214506 1.413421 0.7221799 3.780704 2.182861 2.151231 -2.409822 3.598905 2.144574 -1.718494 -0.535089 -3.428905 -2.925334 -0.8207498 -1.765052 -3.538462 -1.173391 -3.289766 -1.439488 -1.207089 2.998484 -2.761891 0.25635 2.927001 -1.576991 -3.863933 2.477482 1.671673 -2.910432 0.17872 -0.3817306 1.034909 0.04947138 2.469715 -3.147225 2.035455 1.587871 -3.686164 -1.66009 -2.432251 2.647676 -3.491065 -3.823432 2.492452 -0.3451409 -1.318447 1.206038 -0.4695039 2.353661 -3.777062 2.879492 -0.9156556 0.9357934 
 fitness= 
186.9983
3.893787 2.598929 0.5706611 -3.718767 -3.556158 -3.367189 2.829445 3.837513 2.91984 -3.286648 -0.07610559 -3.090668 3.734362 1.214506 1.413421 0.8519111 3.780704 2.182861 2.151231 -2.409822 3.598905 2.144574 -1.718494 -0.535089 -3.428905 -2.925334 -2.032671 -1.765052 -3.538462 -1.173391 -3.289766 -1.439488 -1.207089 2.998484 -3.725977 0.25635 2.927001 -1.576991 -3.863933 2.477482 1.671673 -2.910432 0.17872 -1.361843 1.034909 0.04947138 2.469715 -3.147225 2.035455 1.587871 -3.686164 -1.66009 -2.432251 2.647676 -3.491065 -3.823432 0.2153325 -0.3451409 -1.318447 1.206038 -0.3907781 0.6471553 0.7340989 2.879492 -0.9156556 0.9357934 
 fitness= 
184.3983
3.893787 2.598929 0.5706611 -3.718767 -3.556158 -3.367189 2.687597 3.837513 2.35083 -3.286648 2.968468 -2.027701 3.734362 1.214506 1.413421 0.8519111 3.780704 2.963961 2.151231 -1.79256 3.598905 2.144574 -1.718494 -0.535089 -2.905672 -2.925334 -2.032671 -1.765052 -3.538462 0.8138251 -3.439971 -1.439488 1.527334 -1.224337 -3.725977 0.25635 2.927001 3.390481 -3.863933 2.477482 1.671673 -2.910432 0.17872 -0.3817306 1.034909 -1.967753 2.469715 -3.147225 2.035455 1.587871 -2.6921 -3.288035 -2.432251 2.647676 -3.491065 -3.823432 2.492452 1.025559 -1.318447 -1.8055 1.082974 2.353661 0.7340989 2.879492 -0.9156556 0.9357934 
 fitness= 
166.7986
3.866853 2.598929 0.5706611 -3.718767 -3.556158 -2.442437 2.687597 3.837513 2.91984 -3.286648 -0.7369504 -3.090668 3.734362 1.214506 1.413421 0.8519111 3.780704 2.963961 2.151231 -1.79256 3.598905 2.144574 -1.718494 -0.535089 -2.905672 0.4988236 -2.032671 0.5969481 -3.538462 -1.173391 -3.289766 -1.439488 -1.207089 2.998484 -3.725977 0.25635 -3.885052 3.390481 -3.863933 2.477482 1.671673 -2.910432 2.324779 -1.717465 1.273158 -1.967753 2.469715 -3.147225 2.035455 1.587871 -2.6921 0.4390559 -2.432251 2.647676 -3.491065 -3.823432 2.492452 -0.3451409 -1.318447 -1.8055 -0.4695039 2.353661 0.7340989 2.879492 -0.9156556 0.9357934 
 fitness= 
70.80006
3.893787 2.598929 0.5706611 0.07551527 -3.556158 -2.442437 2.687597 3.837513 2.91984 -3.286648 -0.7369504 -3.090668 3.734362 1.214506 1.413421 -3.60369 3.780704 2.963961 2.151231 -1.79256 3.598905 2.144574 -1.718494 -0.535089 -2.905672 0.4988236 -3.428494 0.5969481 -3.538462 -1.173391 -3.289766 -1.439488 -1.207089 2.998484 -3.725977 0.25635 2.927001 3.390481 -3.863933 2.477482 1.671673 -2.910432 2.324779 -1.361843 1.273158 0.04947138 2.469715 -3.147225 2.035455 1.587871 -2.6921 -3.891007 -2.432251 2.647676 -3.491065 -3.823432 2.492452 -0.3451409 -1.318447 1.206038 -2.786901 2.353661 0.7340989 2.879492 -0.9156556 2.945997 
 fitness= 
70.40007
3.893787 2.598929 0.5706611 -3.718767 -3.556158 -2.442437 2.687597 3.837513 2.91984 -3.286648 -0.7369504 0.007831097 3.734362 1.214506 1.413421 0.8519111 3.780704 2.963961 3.721225 -1.79256 3.598905 2.144574 -1.705979 -0.535089 -3.428905 0.4988236 0.417872 0.5969481 -3.538462 -1.173391 -3.289766 -1.439488 -1.207089 2.998484 0.7116761 0.25635 2.927001 -1.576991 -3.863933 2.477482 2.981169 -2.910432 2.324779 -1.361843 -0.1256948 0.04947138 2.469715 -3.147225 2.035455 1.587871 -2.6921 -3.891007 -2.432251 2.647676 -3.491065 -3.823432 2.492452 -0.3451409 -1.318447 1.206038 -0.4695039 2.353661 0.7340989 2.879492 -0.9156556 0.9357934 
 fitness= 
69.40009
3.893787 2.598929 0.5706611 -3.718767 -3.556158 -3.367189 2.687597 3.837513 2.91984 -3.286648 -0.7369504 -2.027701 3.734362 1.214506 1.413421 0.8519111 3.780704 -2.841079 2.151231 -1.79256 2.715952 2.144574 -1.718494 -0.535089 -2.905672 0.4988236 -3.428494 0.5969481 -3.538462 -1.173391 -3.289766 -1.439488 -1.207089 2.998484 -3.725977 0.25635 2.927001 3.170155 3.608153 0.9389367 1.671673 -2.910432 2.324779 -1.361843 1.273158 0.04947138 2.469715 -3.147225 2.035455 1.587871 -2.6921 -3.891007 -2.432251 -0.6498837 -3.491065 -3.823432 2.492452 -0.3451409 -1.318447 1.206038 -0.3907781 2.353661 0.7340989 2.879492 1.621793 0.9357934 
 fitness= 
51.00012
3.893787 2.598929 0.5706611 -3.718767 -3.556158 -2.442437 2.687597 3.837513 2.91984 -3.286648 -0.7369504 -3.090668 3.734362 1.214506 1.413421 0.8519111 3.780704 2.963961 2.151231 -0.2572217 3.598905 2.144574 -1.718494 -0.535089 -2.905672 0.4988236 -2.032671 0.5969481 -3.538462 -1.173391 -3.289766 -1.439488 -1.207089 2.998484 -3.725977 0.25635 -3.363749 3.390481 -3.863933 2.477482 1.671673 -2.910432 2.324779 -1.361843 1.273158 0.04947138 2.469715 -3.147225 2.035455 1.587871 -2.6921 -3.891007 -2.432251 2.647676 2.695768 -3.823432 2.492452 -0.3451409 -1.318447 1.206038 2.480073 2.353661 0.7340989 2.879492 -0.9156556 0.9357934 
 fitness= 
23.80002
3.893787 2.598929 0.5706611 -3.718767 -3.556158 0.1838756 2.687597 3.837513 2.91984 -3.286648 -0.07610559 -2.027701 3.734362 1.214506 1.413421 0.8519111 3.780704 2.963961 2.151231 -1.79256 3.598905 2.144574 -1.718494 -0.535089 -3.428905 -2.925334 -2.032671 -1.765052 -3.538462 -1.173391 1.874579 -1.439488 -1.207089 2.998484 -3.725977 0.25635 2.927001 -1.576991 -3.863933 2.477482 1.671673 -2.910432 0.17872 -1.361843 1.034909 -1.967753 2.469715 -3.147225 2.035455 1.587871 -3.848136 -1.66009 -2.432251 2.647676 -3.491065 -3.823432 2.492452 -0.3451409 -1.318447 -1.8055 -0.4695039 2.353661 0.7340989 -3.095695 -0.9156556 0.9357934 
 fitness= 
20.60001
