-1.12987 -3.944605 3.588888 -1.567789 -1.74007 1.281032 2.792152 -0.7478318 -0.2642608 -2.241185 -1.940484 -3.010691 -2.811834 -2.666664 -2.238515 3.902876 -2.454898 -1.410422 -0.9345489 -3.423872 2.511303 1.848023 -1.882288 -1.67311 -0.7125173 0.2426772 2.069591 1.904354 3.905324 -2.16932 -1.904415 3.146605 -1.806962 -1.845362 -1.805423 -1.403403 0.02991724 2.8726 2.881092 -0.8484368 2.598056 0.4781775 3.087693 3.540513 -1.794976 -2.101113 -3.133785 1.030398 -3.291647 -0.4656806 -0.9936728 0.8558078 3.036731 -3.197474 2.406619 -3.367566 -3.790725 -0.08774137 -2.580376 -3.382443 -3.467512 -0.4830422 -0.6648879 1.162293 -1.63045 3.538764 
 fitness= 
32.60005
-1.12987 -3.944605 3.588888 -1.567789 -1.74007 1.281032 3.761308 -0.7478318 -1.984676 -2.241185 2.166593 -3.010691 -2.811834 -2.666664 -2.238515 3.902876 -2.454898 0.9727979 -0.9345489 -2.350204 1.370203 0.4663301 -0.4087968 2.776382 0.9151444 0.2426772 2.069591 -2.82847 3.905324 -2.16932 -1.904415 3.443036 3.146629 -3.363578 2.555007 -1.403403 0.02991724 -0.4018655 1.439354 -1.80965 1.364194 0.4781775 3.087693 -0.3961768 -1.794976 -2.101113 -3.133785 -1.065121 -3.291647 0.5744481 -0.9936728 -2.648724 3.036731 3.076295 3.180741 -3.367566 -1.439284 -0.08774137 -2.580376 2.893624 -1.639921 1.384911 0.4089007 1.162293 -1.63045 3.538764 
 fitness= 
25.60003
-3.773548 -2.030017 -2.646156 -3.600751 0.9842238 2.102924 -0.1172853 -2.038085 2.058885 -3.930568 -2.661768 0.6719861 -1.838224 2.159039 1.626806 -2.608492 2.682845 1.709007 -2.062855 -2.638896 -0.04517889 -1.388305 -3.121126 0.6096063 -0.4699254 -1.549471 -3.176591 -0.6150956 -1.984226 -0.4617352 -1.869629 2.74563 -0.982429 -3.04654 -1.408171 -3.067748 3.97158 -1.547721 0.52982 3.707331 -0.2597995 -3.751442 -3.831023 -2.448786 -2.816306 3.256835 3.004024 3.650304 -1.383532 0.1265054 0.398026 -0.4224648 -1.01076 -1.468647 3.83651 3.448792 3.512422 -1.341714 1.522782 -2.277293 3.42403 3.005062 -1.219422 -3.79567 2.888936 0.6969543 
 fitness= 
20.2
-3.773548 -2.030017 3.588888 -3.600751 -1.74007 1.281032 2.792152 -0.7478318 -1.984676 -2.241185 2.166593 0.6719861 -2.811834 2.159039 -2.238515 3.902876 2.682845 0.9727979 -0.9345489 -2.350204 1.370203 1.848023 -1.882288 0.6096063 0.9151444 0.2426772 -3.176591 0.8592792 3.905324 -2.16932 -1.904415 2.74563 2.176342 -3.04654 -1.805423 -1.403403 0.02991724 2.8726 -3.640137 -0.8484368 1.364194 -3.751442 3.087693 3.540513 -2.816306 -2.101113 3.004024 -2.865319 -1.383532 0.1265054 -0.9936728 0.8558078 3.036731 -3.197474 3.83651 -3.367566 -3.790725 -0.08774137 1.154022 -2.277293 3.42403 -0.4830422 0.4089007 1.162293 -1.63045 3.538764 
 fitness= 
16.99999
3.086406 -2.030017 -2.646156 -3.600751 -0.2970605 2.932289 -0.1172853 -1.637085 2.058885 -3.930568 -1.940484 0.6719861 -3.260121 2.159039 -0.193212 3.664366 2.682845 1.076267 -2.062855 -2.638896 -0.04517889 1.433794 -3.121126 0.6096063 -0.7125173 -1.549471 -3.176591 0.8592792 3.645344 -0.4617352 2.966442 2.74563 1.011442 -1.845362 -0.7010961 -1.940018 3.97158 -3.675742 0.52982 1.879192 2.598056 -3.751442 -3.831023 -2.448786 0.3849454 3.256835 -2.929643 1.030398 -1.383532 0.1265054 3.419617 -0.4224648 -1.01076 -2.631177 3.83651 3.448792 3.512422 0.7967448 1.522782 -2.277293 3.42403 3.005062 1.034041 -3.414282 2.888936 0.6969543 
 fitness= 
16.79999
-3.773548 -0.3389993 -2.646156 -3.600751 -2.251229 2.102924 -0.1172853 -2.038085 -3.168599 -1.645487 -2.843418 -2.801267 -3.260121 2.159039 -0.7550521 -2.608492 2.682845 1.076267 -2.062855 -2.638896 -0.04517889 -1.686614 -0.5087314 -1.382063 0.9863067 -1.549471 -3.176591 0.8592792 3.645344 -0.4617352 -2.674133 2.74563 2.176342 -3.04654 -0.7010961 -3.067748 3.97158 -1.547721 0.52982 3.707331 -0.2597995 1.975085 3.418436 -2.448786 1.351195 3.256835 3.004024 3.650304 -1.383532 0.1265054 3.419617 -0.1419301 -1.01076 -2.487122 3.83651 3.448792 -1.586607 0.5061555 1.522782 0.03466749 3.42403 -2.611029 -1.219422 1.915535 1.356553 2.807912 
 fitness= 
14.39999
-1.12987 -3.944605 -3.663779 -1.567789 -1.74007 1.281032 2.792152 -0.7478318 0.7046981 -2.241185 2.166593 -3.243833 -2.811834 -2.666664 2.95702 2.348705 -2.454898 0.9727979 -0.9345489 -2.350204 1.370203 1.848023 -2.592881 -1.67311 0.9151444 0.2426772 2.069591 -2.665303 3.905324 -2.16932 -1.904415 3.146605 2.850792 -0.7867217 -1.805423 -1.403403 0.02991724 2.8726 -3.640137 -0.8484368 1.364194 0.4781775 3.087693 -2.278586 0.833797 -2.101113 -3.133785 -2.865319 -3.291647 -1.312522 -0.9936728 0.8558078 3.036731 -3.197474 1.203334 -3.367566 -3.790725 -0.08774137 -2.580376 2.893624 -1.639921 2.685333 -1.030419 1.162293 -1.63045 3.538764 
 fitness= 
14.19999
-3.773548 -2.030017 -2.646156 -3.1359 -2.251229 2.102924 -0.1172853 -0.9701161 -2.444015 -3.930568 -2.843418 0.6719861 -3.260121 -3.145877 -0.193212 -0.4835782 2.682845 -0.1716313 -2.062855 -2.638896 -0.04517889 1.433794 0.181519 0.6096063 1.50361 -1.549471 -3.176591 0.8592792 3.645344 -0.7900109 -2.674133 3.443036 2.176342 -1.104089 -0.7010961 -3.067748 3.97158 -1.547721 0.52982 3.707331 3.687408 -0.8087001 -3.831023 -2.448786 -2.816306 0.4363294 -3.738404 3.650304 -1.383532 -2.302335 3.419617 -0.4224648 -1.01076 -2.631177 0.09102678 3.448792 3.512422 3.999105 3.951889 3.884051 2.511669 3.005062 -1.219422 -3.79567 2.888936 2.015715 
 fitness= 
13.59999
-1.12987 -3.944605 3.588888 -1.621618 -1.74007 1.281032 2.792152 -0.7478318 -1.984676 -2.241185 2.166593 -3.010691 -2.811834 -2.666664 -2.238515 -2.310364 -2.454898 1.709007 -0.9345489 -2.350204 2.540403 1.848023 -1.882288 -1.67311 -0.4699254 0.2426772 2.069591 -2.665303 3.905324 -2.16932 -1.904415 3.146605 -0.982429 -3.363578 -1.805423 -3.904906 0.02991724 2.8726 1.77497 -0.8484368 1.364194 0.4781775 3.087693 3.540513 -1.794976 -2.101113 -3.133785 -1.929616 -3.291647 -0.4656806 -0.9936728 0.8558078 3.036731 -3.197474 -3.346634 -1.347071 -3.790725 -0.08774137 -2.580376 -0.4451499 -1.639921 -0.4830422 0.4089007 1.162293 -1.63045 3.538764 
 fitness= 
7.399997
-1.12987 -3.944605 3.004066 -3.358566 -1.74007 -3.722703 -1.860231 -0.7478318 -1.984676 -2.241185 0.2468171 -2.648327 -0.1964574 -2.666664 3.828271 3.902876 0.4524398 0.9727979 -0.9345489 -2.350204 -3.114858 1.848023 -1.882288 -1.67311 0.9863067 2.935514 0.3470378 -2.665303 -2.894887 -2.16932 -1.904415 3.146605 -1.806962 -3.085596 -1.805423 -1.403403 0.02991724 2.8726 -3.640137 -0.30195 1.364194 0.4781775 1.909295 3.540513 -1.794976 -2.101113 -3.133785 -2.865319 -3.291647 -0.4656806 -0.9936728 0.8558078 3.036731 -3.197474 -2.74671 -3.367566 -3.790725 0.5061555 -1.175995 1.889876 -1.639921 -0.4830422 0.4089007 -1.769768 -1.63045 3.538764 
 fitness= 
2.6
3.51544 -0.6436305 1.650129 -3.1359 0.6887431 3.564158 -3.191863 -0.9701161 0.7046981 -2.611811 -3.249883 0.4414134 -0.3064599 -3.145877 -1.423753 -0.4835782 0.5204911 -0.1716313 3.935953 -1.398444 -3.842233 0.4663301 -0.4087968 2.776382 3.25517 -1.978582 3.979147 -1.486858 0.3919215 1.922876 0.3740191 1.373463 3.146629 -0.7867217 1.188425 -2.771379 2.277631 -0.8393645 1.439354 -1.80965 2.360228 -1.444539 -2.047606 -0.3961768 -1.969445 0.4363294 -3.738404 3.968302 0.02803373 -2.302335 1.885546 2.961982 -3.820781 3.076295 0.09102678 -3.720576 -1.439284 3.588528 3.951889 3.884051 2.511669 1.384911 -0.07221174 -0.3169942 3.597664 -3.579566 
 fitness= 
2.6
0.0790925 -2.030017 -2.646156 -3.397556 -1.939748 2.102924 -0.1172853 -2.038085 0.7046981 3.020398 -2.843418 -3.243833 -3.260121 2.159039 -0.193212 -2.608492 2.682845 1.076267 -2.062855 -2.638896 1.488403 0.04882193 -3.121126 0.6096063 1.50361 -1.549471 1.100976 3.850946 3.645344 -0.4617352 -2.771027 -0.0639863 2.176342 -3.04654 -0.7010961 -3.067748 1.35471 -1.547721 2.804113 3.707331 2.360228 0.9236922 -3.831023 -2.448786 -2.816306 3.256835 3.004024 3.650304 0.8510642 0.1265054 3.419617 -0.4224648 -1.774444 -2.631177 0.9460053 3.448792 3.512422 -1.764622 1.522782 -2.277293 3.42403 3.005062 -1.219422 -3.79567 3.597664 -1.14058 
 fitness= 
2.4
