3.893787 2.598929 -3.130921 -3.718767 -3.556158 1.700216 -2.616753 3.837513 -1.398126 -3.286648 -0.6364532 -3.090668 3.734362 1.214506 1.413421 0.8519111 3.780704 2.963961 -3.453652 -1.79256 3.598905 2.144574 -1.718494 -1.181754 1.417209 -2.925334 -2.032671 -1.765052 -3.538462 -1.173391 -3.289766 -1.439488 -1.207089 2.998484 -3.725977 -0.5383468 2.927001 3.390481 0.2006574 2.477482 1.671673 -2.910432 3.462785 -0.3817306 1.034909 -1.967753 2.469715 -3.147225 -1.960648 1.587871 -3.686164 -0.4628396 -2.432251 2.647676 -3.491065 -3.823432 2.492452 -0.3451409 0.2705569 1.206038 -0.3907781 2.353661 0.7340989 2.879492 -0.9156556 0.9357934 
 fitness= 
117.1994
3.893787 2.598929 -3.130921 -3.718767 -3.556158 1.700216 -2.616753 3.837513 -1.398126 -3.286648 -0.05941343 -3.090668 3.734362 1.214506 1.413421 -3.342368 3.780704 2.963961 -1.710843 -2.409822 3.598905 2.144574 -1.718494 -0.535089 1.417209 -2.925334 1.041968 1.664167 -3.538462 -1.173391 -2.73143 -1.439488 -1.207089 -1.224337 -3.725977 0.25635 2.927001 3.390481 0.2006574 2.477482 1.671673 -2.910432 3.462785 -0.3817306 1.034909 -2.627847 2.469715 -3.147225 -1.960648 -2.848619 -3.686164 -0.4628396 -2.432251 -2.117002 -0.8868127 -3.823432 2.492452 -0.3451409 0.2705569 1.545505 -0.3907781 2.353661 0.7340989 2.879492 2.14434 0.9357934 
 fitness= 
98.19965
3.893787 -2.502167 -3.130921 -3.718767 -3.556158 1.700216 -2.616753 3.837513 -1.398126 -3.286648 -0.05941343 -3.090668 3.734362 1.214506 1.413421 0.8519111 3.780704 0.6789699 2.151231 -2.409822 3.598905 2.144574 -1.718494 -3.924533 1.417209 -2.925334 1.041968 -1.765052 -3.538462 1.673279 -3.289766 -1.439488 -1.207089 -1.224337 3.585136 0.25635 3.108459 3.390481 0.2006574 2.477482 1.671673 -2.910432 3.462785 -0.3817306 1.034909 -2.627847 2.469715 -3.147225 -1.960648 -2.848619 -3.686164 -0.4628396 -2.432251 2.647676 -3.491065 -3.823432 2.492452 -0.3451409 0.2705569 1.206038 -0.3907781 2.353661 0.7340989 2.879492 -0.9156556 -1.861778 
 fitness= 
92.79973
3.893787 -2.502167 -3.130921 -3.718767 -3.556158 1.700216 -2.616753 3.837513 -1.398126 1.94648 -0.05941343 -0.2836518 3.734362 1.628224 1.413421 0.8519111 -3.379199 0.6789699 2.151231 -2.409822 3.598905 2.144574 -1.419847 -1.181754 1.417209 -2.925334 1.041968 3.221069 -1.502794 1.673279 -3.289766 -1.439488 -1.207089 2.998484 3.585136 0.25635 2.927001 3.390481 2.310008 2.477482 3.225719 2.312492 3.462785 0.3327317 1.034909 -1.967753 2.469715 -3.147225 -1.960648 -2.848619 3.335089 -0.4628396 -2.432251 2.647676 -3.491065 -3.823432 -3.046064 2.553184 -1.318447 1.206038 -0.3907781 2.353661 0.7340989 2.879492 -0.9156556 0.7042432 
 fitness= 
70.40007
3.893787 -2.502167 -3.130921 -3.718767 -3.556158 1.700216 -2.616753 3.837513 -1.398126 1.94648 -0.05941343 -3.090668 3.734362 -2.389617 1.413421 0.8519111 -3.379199 0.6789699 2.151231 -2.409822 3.598905 2.144574 -1.419847 -1.181754 1.417209 -2.925334 1.041968 3.221069 -1.502794 1.673279 -3.289766 -1.439488 -0.7947221 2.998484 3.585136 0.25635 2.061548 3.390481 -2.264557 2.477482 -2.706047 2.312492 -0.7378011 -0.3817306 1.034909 -2.627847 2.136708 -2.625849 -1.960648 -2.848619 3.335089 -0.4628396 -2.432251 2.647676 -0.8868127 -3.823432 -3.046064 -0.3451409 0.2705569 -0.3045783 -0.3907781 2.353661 0.7340989 2.879492 -0.9156556 0.7042432 
 fitness= 
62.80017
3.893787 -2.502167 -3.130921 -3.718767 -3.556158 1.700216 -2.616753 3.837513 -1.398126 1.94648 -0.05941343 -3.548182 3.734362 0.8112874 1.413421 0.8519111 -3.379199 0.6789699 2.151231 -2.409822 3.598905 2.144574 -1.419847 -1.181754 1.417209 -2.925334 1.041968 1.664167 -1.502794 1.673279 -3.289766 -1.439488 -1.207089 2.998484 3.585136 0.25635 2.927001 3.390481 -2.264557 2.477482 3.225719 2.312492 3.462785 -0.3817306 1.034909 -1.967753 2.469715 -3.147225 -1.960648 -2.848619 3.335089 -0.4628396 -2.432251 2.647676 2.170134 -3.823432 -3.046064 -0.3451409 0.2705569 1.206038 0.0003180504 2.353661 0.7340989 2.879492 -0.9156556 0.7042432 
 fitness= 
28.80004
-0.3659129 -2.502167 0.6587253 -3.718767 -3.556158 1.700216 -2.616753 3.837513 -1.398126 1.94648 -0.05941343 -3.090668 3.734362 0.8112874 1.413421 0.8519111 -3.379199 0.6789699 2.151231 -2.409822 3.598905 2.144574 -1.419847 -0.535089 1.417209 -2.925334 1.041968 3.221069 -1.502794 1.673279 -3.289766 -1.439488 3.888511 2.998484 3.585136 0.25635 2.927001 3.390481 -2.264557 2.477482 -2.706047 2.312492 -2.592593 -0.3817306 1.034909 -2.627847 2.469715 -3.147225 -1.960648 -2.848619 3.335089 2.692506 -3.660315 2.647676 -3.491065 -3.823432 -3.046064 2.553184 0.2705569 1.206038 1.870518 3.408198 0.7340989 2.879492 -0.9156556 1.824427 
 fitness= 
27.80003
3.893787 -2.502167 -3.130921 -3.718767 -3.556158 1.700216 -2.616753 3.837513 1.400471 -3.286648 -0.6364532 -3.090668 3.734362 -2.308043 1.413421 0.8519111 -3.379199 2.963961 -3.453652 -2.409822 3.598905 2.144574 -1.718494 -1.181754 1.417209 -2.925334 1.041968 1.664167 -3.538462 -1.173391 -3.289766 -1.439488 1.419732 2.998484 3.585136 0.25635 3.108459 3.390481 2.310008 2.477482 1.671673 -2.910432 3.462785 -0.3817306 1.034909 -1.967753 2.469715 -2.743408 -1.960648 -2.848619 -3.686164 2.014097 -2.432251 2.647676 -3.491065 -3.823432 2.492452 -0.3451409 0.2705569 1.545505 -0.3907781 2.353661 0.7340989 2.879492 -0.9156556 0.9357934 
 fitness= 
24.00002
3.893787 -2.502167 0.6587253 -3.718767 -3.556158 1.700216 -2.616753 3.837513 1.400471 1.94648 -0.05941343 -3.090668 3.734362 0.8112874 1.413421 -3.342368 -3.379199 0.09471273 2.151231 -2.409822 3.598905 3.072796 -1.718494 -1.181754 1.417209 -2.925334 1.041968 1.664167 -3.538462 1.673279 -3.289766 1.488461 -1.207089 2.998484 3.585136 2.663655 2.927001 3.390481 2.310008 2.477482 3.225719 -2.910432 3.462785 -0.3817306 1.034909 -1.967753 2.469715 -2.743408 -1.960648 3.678241 -3.686164 -0.4628396 -3.660315 2.647676 -3.491065 -3.238736 -3.046064 2.553184 0.2705569 1.206038 -0.3907781 2.353661 0.7340989 2.879492 -0.9156556 0.7042432 
 fitness= 
20.80001
-0.3659129 -2.502167 -3.130921 -3.718767 -3.556158 1.700216 1.088126 3.837513 -1.398126 -3.286648 -0.6364532 -3.090668 3.734362 1.214506 1.413421 0.8519111 3.780704 2.963961 -3.453652 -2.409822 3.598905 0.2641292 -1.718494 -0.535089 1.417209 -2.925334 1.041968 -1.765052 -3.538462 -1.173391 -3.289766 -1.439488 -1.207089 -1.224337 -3.725977 0.25635 3.108459 3.390481 0.2006574 2.477482 1.671673 -2.910432 3.462785 -3.632186 2.498013 -2.627847 2.469715 -3.147225 -1.960648 -2.848619 -3.686164 -0.4628396 -3.660315 2.647676 -3.491065 -3.823432 2.492452 -0.3451409 0.2705569 1.545505 1.870518 2.353661 0.7340989 2.879492 -0.9156556 1.824427 
 fitness= 
19.4
2.209097 3.553632 0.6587253 -3.718767 -3.556158 1.700216 -2.616753 3.837513 -0.3013072 -3.286648 -0.6364532 -3.090668 3.734362 1.214506 1.413421 -3.342368 3.780704 2.963961 -3.453652 -2.409822 3.598905 2.144574 -1.718494 -1.181754 1.417209 -2.925334 -0.5986266 -3.602589 -3.538462 -1.173391 -2.73143 1.96565 -1.207089 -1.224337 2.827222 0.25635 3.108459 3.390481 0.2006574 2.477482 1.671673 2.312492 -3.986828 -0.3817306 2.498013 -2.627847 2.469715 -3.147225 -0.9211974 -2.848619 -3.686164 -0.4628396 -3.660315 2.647676 -3.491065 -3.823432 2.492452 -0.3451409 0.2705569 1.545505 -0.3907781 2.353661 3.01403 2.879492 -0.9156556 0.9357934 
 fitness= 
3.600001
-0.3659129 -2.502167 -3.130921 -3.718767 -3.556158 1.700216 -2.616753 -1.700172 -1.81979 1.94648 -0.05941343 -3.090668 3.734362 0.8112874 1.413421 0.8519111 -3.379199 0.6789699 2.151231 2.175241 3.598905 2.144574 -1.419847 -1.181754 3.922967 -2.925334 1.041968 3.221069 -1.502794 1.673279 -3.289766 -1.439488 -1.207089 2.998484 3.585136 0.25635 2.927001 1.838373 -2.264557 -0.3368258 3.225719 2.312492 -2.592593 -3.632186 1.034909 -1.967753 2.469715 -3.147225 -1.960648 -2.848619 3.335089 -0.4628396 -3.660315 -2.117002 -3.491065 -3.823432 -3.046064 2.553184 0.2705569 1.545505 1.870518 2.353661 0.7340989 2.657983 -0.9156556 1.824427 
 fitness= 
2.6
