3.893787 2.598929 0.5706611 -3.718767 -3.556158 -3.367189 -2.616753 3.837513 2.91984 -3.286648 -1.577314 -3.090668 -2.936662 1.214506 1.413421 0.8519111 3.780704 2.963961 2.151231 -1.79256 3.598905 2.144574 -1.718494 -0.535089 -3.428905 -2.925334 -2.032671 -1.765052 -3.538462 1.673279 -3.289766 -1.439488 -1.207089 2.998484 -3.725977 0.25635 2.927001 3.390481 -3.863933 2.477482 1.671673 2.539057 0.17872 -0.3817306 1.034909 -1.967753 2.469715 -3.147225 2.035455 1.587871 -3.686164 -3.288035 -2.432251 2.647676 -3.491065 -3.823432 2.492452 -0.3451409 -1.318447 1.206038 -0.3907781 2.353661 0.7340989 2.879492 -0.9156556 0.9357934 
 fitness= 
294.1996
3.893787 2.598929 0.5706611 -3.718767 -3.556158 1.700216 -2.616753 3.837513 2.91984 -3.286648 -0.07610559 -0.2836518 3.734362 1.214506 1.413421 0.8519111 3.780704 2.963961 2.151231 -2.409822 3.598905 2.144574 -1.718494 -0.535089 1.417209 -2.925334 -2.032671 0.5969481 -3.538462 1.673279 -2.73143 -1.439488 -1.207089 -1.224337 -3.725977 0.25635 2.927001 3.390481 -3.863933 2.477482 1.671673 -2.910432 3.462785 -0.3817306 1.273158 -1.967753 0.9209991 -3.147225 2.035455 -2.848619 -3.686164 -3.288035 -2.432251 2.647676 -0.8868127 -3.823432 2.492452 -0.3451409 -1.280542 1.545505 -0.3907781 2.353661 0.7340989 2.879492 -0.9156556 0.9357934 
 fitness= 
81.99989
3.893787 2.598929 0.5706611 -3.718767 -3.556158 -3.367189 -2.616753 3.837513 2.91984 -3.286648 -0.05941343 -3.090668 3.734362 1.214506 1.413421 0.8519111 3.780704 2.963961 2.151231 -2.409822 3.598905 2.144574 -1.718494 -0.535089 1.417209 -2.925334 -2.032671 -1.765052 -3.538462 1.673279 -3.289766 -1.439488 -1.207089 2.998484 -3.725977 0.25635 2.927001 3.390481 -3.863933 2.477482 1.671673 -2.910432 0.17872 -0.3817306 1.034909 -1.967753 2.469715 -3.147225 -1.960648 1.587871 -3.686164 -3.288035 3.61445 2.647676 -3.491065 -3.823432 2.492452 -0.3451409 -1.318447 1.206038 -0.3907781 2.353661 0.7340989 2.879492 -0.9156556 0.9357934 
 fitness= 
63.20017
3.893787 2.598929 0.5706611 -3.718767 -3.556158 3.318272 -2.616753 3.837513 -1.398126 -3.286648 -0.05941343 -3.090668 3.734362 1.214506 1.413421 0.8519111 -3.379199 0.6789699 -3.453652 -1.79256 3.598905 2.144574 -1.718494 -0.535089 1.417209 -2.925334 -2.032671 -1.765052 -3.538462 1.673279 -3.289766 -1.439488 -1.207089 2.998484 -3.725977 0.25635 2.927001 3.390481 -3.863933 2.477482 -1.294245 -2.910432 0.17872 2.622886 1.034909 -1.967753 2.469715 -3.147225 2.035455 1.587871 -3.686164 -1.66009 -2.432251 2.647676 -0.8868127 -3.823432 2.492452 -0.3451409 -1.318447 1.206038 -0.3907781 2.353661 0.7340989 2.879492 -0.9156556 0.9357934 
 fitness= 
57.80015
3.893787 2.598929 0.5706611 -3.718767 -3.556158 -3.367189 -2.616753 3.837513 2.91984 -3.286648 -0.05941343 -3.090668 3.734362 1.214506 1.413421 0.8519111 3.780704 2.963961 2.151231 -2.409822 3.598905 2.144574 -1.718494 -0.535089 1.417209 -2.925334 -2.032671 -1.765052 -3.538462 -1.173391 -3.289766 -1.439488 -1.207089 2.998484 -3.725977 0.25635 2.927001 3.390481 -3.863933 2.477482 1.671673 -2.910432 3.462785 -0.3817306 1.034909 -1.967753 -2.980222 -3.147225 2.035455 -2.848619 -3.686164 -3.288035 -2.432251 1.257093 -3.491065 -3.823432 2.492452 -0.3451409 -1.318447 1.545505 -0.3907781 2.353661 0.7340989 2.879492 -0.9156556 0.9357934 
 fitness= 
54.00013
3.893787 2.598929 0.5706611 -3.718767 -3.556158 -3.367189 -2.616753 3.837513 -1.398126 1.210453 -0.05941343 -3.090668 3.734362 1.214506 1.413421 0.8519111 3.780704 2.963961 2.151231 -1.129528 3.598905 2.144574 -1.718494 -0.535089 1.417209 -2.925334 -2.032671 -1.765052 -3.538462 -1.173391 -3.289766 -1.439488 -1.207089 2.998484 -3.725977 0.25635 2.927001 3.390481 -3.863933 2.477482 -1.294245 -2.910432 0.17872 -0.3817306 1.034909 -1.967753 2.469715 -3.147225 2.035455 -2.848619 -3.686164 -0.4628396 -2.432251 2.647676 -3.491065 -3.823432 2.492452 -0.3451409 -1.318447 1.206038 -0.3907781 2.353661 0.7340989 2.879492 -0.9156556 0.7042432 
 fitness= 
54.00013
3.893787 0.391932 -0.4671397 -3.718767 -3.556158 1.700216 -2.616753 3.837513 -1.398126 -3.286648 0.8145509 1.67247 3.734362 1.214506 1.413421 0.8519111 3.780704 2.963961 0.9077878 -2.409822 3.598905 2.144574 -1.718494 -0.535089 1.417209 -2.925334 1.041968 -1.765052 -3.538462 -1.173391 -3.289766 -1.439488 -1.207089 2.998484 -2.3568 0.25635 2.927001 3.390481 0.2006574 2.477482 1.671673 -2.910432 0.17872 -0.3817306 1.034909 -2.627847 -2.980222 -3.147225 2.035455 1.587871 -3.686164 -1.66009 -2.432251 2.647676 -3.491065 -3.823432 2.492452 -0.3451409 -1.318447 1.545505 -0.3907781 2.353661 0.7340989 2.879492 -0.9156556 0.1753964 
 fitness= 
53.20013
3.893787 2.598929 0.5706611 -3.718767 -3.852956 3.318272 -2.616753 3.837513 2.91984 0.101603 -0.07610559 -3.090668 3.734362 1.214506 0.5053678 0.8519111 -3.379199 0.6789699 -3.453652 -1.79256 3.598905 2.144574 -1.718494 -0.535089 1.417209 -2.925334 -2.032671 -1.765052 -0.2944436 1.673279 -2.73143 -1.439488 -1.207089 2.998484 -3.725977 0.25635 2.927001 3.390481 -3.863933 2.477482 -1.294245 -2.910432 0.17872 -0.3817306 1.034909 -2.627847 2.469715 -3.147225 2.035455 1.587871 -3.686164 -0.4628396 -2.432251 2.647676 -0.8868127 -3.823432 2.492452 2.553184 -1.318447 1.206038 -0.3907781 2.353661 0.7340989 2.879492 -0.9156556 0.9357934 
 fitness= 
47.00011
3.893787 2.598929 0.5706611 -3.718767 -3.556158 3.318272 -2.616753 3.837513 -1.398126 -3.286648 -0.05941343 -3.090668 3.734362 1.214506 1.413421 0.9037509 -3.379199 0.6789699 -3.453652 -1.79256 3.598905 2.144574 -1.718494 2.077647 1.417209 -2.925334 -2.032671 1.664167 -3.538462 1.673279 -3.289766 -1.439488 -1.207089 2.998484 -3.725977 0.25635 2.927001 3.390481 -3.863933 2.477482 -1.294245 -2.910432 0.17872 -0.3817306 1.034909 -1.967753 2.469715 -3.147225 2.035455 1.587871 -3.686164 -0.4628396 -2.432251 2.647676 -0.8868127 -3.823432 2.492452 -0.3451409 0.2705569 1.043776 -0.3907781 2.353661 0.7340989 2.879492 3.70892 0.9357934 
 fitness= 
27.20003
3.893787 2.598929 0.5706611 -3.718767 -3.852956 -3.367189 -2.616753 3.837513 2.91984 -3.286648 -0.05941343 -3.090668 3.734362 1.214506 1.413421 0.8519111 3.780704 0.6789699 -3.453652 -1.79256 3.598905 2.144574 1.786383 -0.535089 1.417209 -2.925334 -2.032671 -1.765052 -3.538462 1.673279 -3.289766 -1.439488 -1.207089 2.998484 -3.725977 0.25635 2.927001 -2.672874 -3.863933 2.477482 -1.294245 -2.910432 0.17872 -0.3817306 1.034909 -1.967753 2.469715 -3.147225 2.035455 1.587871 -3.686164 -0.4628396 -2.432251 2.647676 -0.8868127 -3.823432 2.492452 -0.3451409 -1.318447 1.206038 -0.3907781 2.353661 0.7340989 2.879492 -0.9156556 0.9357934 
 fitness= 
27.00003
3.893787 2.598929 0.5706611 -3.718767 -3.852956 3.318272 0.2775598 3.837513 -1.398126 -3.286648 -0.05941343 -3.090668 3.734362 1.214506 1.413421 0.8519111 -3.379199 2.963961 -3.453652 -1.79256 3.598905 2.144574 -1.718494 -0.535089 1.417209 -2.925334 -2.032671 -1.765052 -3.538462 1.673279 -3.289766 -1.439488 -1.207089 2.963938 -3.725977 0.25635 2.927001 3.390481 -3.863933 2.477482 -1.294245 -2.910432 2.525817 -0.3817306 1.034909 -1.967753 2.469715 -3.147225 2.035455 1.587871 -3.686164 -0.4628396 -2.432251 2.647676 -3.491065 -3.823432 -0.3429761 -0.3451409 -1.318447 1.206038 -0.3907781 2.353661 0.7340989 2.879492 -0.9156556 0.9357934 
 fitness= 
4.2
3.893787 2.598929 -0.4671397 -3.718767 -3.852956 3.318272 -2.616753 3.837513 -1.398126 -3.286648 -0.05941343 -3.090668 3.734362 1.214506 1.413421 0.8519111 -3.379199 0.6789699 2.151231 -1.79256 3.598905 2.144574 -1.718494 -0.535089 1.417209 -2.925334 -0.9565625 -1.765052 -3.538462 1.673279 -2.856669 -1.439488 -1.207089 2.998484 -3.725977 0.25635 2.927001 3.390481 -3.863933 2.477482 -1.294245 -2.910432 0.17872 -0.3817306 1.034909 -1.967753 2.469715 -3.147225 2.035455 1.587871 -3.686164 -0.4628396 -2.432251 2.647676 -0.8868127 2.369444 2.492452 -0.3451409 -1.318447 1.545505 -0.3907781 -1.029981 0.7340989 2.879492 -0.9156556 0.9357934 
 fitness= 
3.800001
