3.893787 -2.502167 -3.130921 -3.718767 -3.556158 1.700216 -2.616753 3.837513 -1.398126 1.94648 -0.05941343 -3.090668 3.734362 0.8112874 1.413421 0.8519111 -3.379199 0.6789699 2.151231 -2.409822 3.598905 2.144574 -1.718494 -1.181754 1.417209 -2.925334 1.041968 1.664167 -3.538462 1.673279 -3.289766 -1.439488 -1.207089 2.998484 3.585136 0.25635 2.927001 3.390481 -1.160658 2.477482 3.225719 -2.910432 3.462785 -0.3817306 1.034909 -1.967753 2.469715 -3.147225 -1.960648 -2.848619 -3.686164 2.692506 -2.432251 2.647676 -3.491065 -3.823432 -3.046064 2.553184 0.2705569 1.206038 -0.3907781 2.353661 0.7340989 2.879492 -0.9156556 0.9357934 
 fitness= 
82.19989
3.791321 2.598929 0.6587253 -3.718767 -3.556158 1.700216 -3.103936 -2.15212 -1.398126 3.192953 -0.6364532 -3.090668 0.9841695 -2.389617 1.413421 0.7363925 3.780704 -3.961299 2.151231 -2.409822 3.598905 2.144574 -1.419847 -1.181754 -3.688273 3.681065 -0.5986266 3.221069 -3.538462 1.673279 -2.73143 -1.439488 -1.267962 -1.224337 2.827222 0.25635 2.927001 1.838373 2.236822 -1.224629 -2.706047 2.312492 1.249223 -0.320291 -2.883735 -2.627847 2.469715 -2.041818 -1.960648 -2.848619 -2.063468 -0.4628396 -2.432251 -2.117002 -3.491065 -3.823432 -3.046064 2.553184 0.2705569 1.545505 -0.3907781 -0.8086238 0.7340989 2.879492 -0.9156556 0.9357934 
 fitness= 
53.80013
3.791321 2.598929 0.6587253 -3.718767 -3.556158 1.700216 -3.103936 -2.15212 -1.398126 -3.286648 -0.6364532 -3.090668 3.734362 -1.176822 1.413421 -3.342368 3.780704 -0.8624482 2.151231 -2.409822 3.598905 0.2641292 -1.718494 -0.535089 3.922967 0.5074601 -0.5986266 -3.602589 -3.538462 1.673279 -2.73143 1.96565 -0.7947221 -1.224337 2.827222 -1.856147 3.108459 1.838373 0.2006574 -2.251714 -3.167257 2.312492 -2.592593 -3.632186 1.034909 -2.627847 2.469715 -3.147225 -1.960648 -2.848619 -2.063468 -0.4628396 -3.660315 -2.117002 -0.8868127 -3.823432 -3.046064 -0.3451409 1.434431 1.545505 1.870518 -0.8086238 0.7340989 2.879492 2.046723 0.9357934 
 fitness= 
33.60006
3.791321 -2.502167 -3.130921 -3.718767 -3.556158 1.700216 -2.616753 3.837513 -1.398126 -3.286648 -0.6364532 -3.090668 3.734362 -2.389617 1.413421 -3.342368 -1.056326 3.970574 2.151231 -2.409822 3.598905 -2.470726 -1.718494 -0.535089 1.417209 -2.925334 -0.5986266 -3.602589 -3.538462 1.673279 -2.73143 -1.439488 -1.267962 -1.224337 2.827222 -1.856147 3.108459 3.390481 -1.160658 -2.251714 -2.706047 2.312492 3.735512 -3.632186 1.034909 -2.627847 2.469715 -3.147225 -1.960648 -2.848619 -2.063468 2.692506 -3.660315 1.600362 -0.8868127 -3.823432 -3.046064 -0.3451409 0.2705569 1.545505 1.870518 2.093328 0.7340989 2.879492 2.046723 0.9357934 
 fitness= 
33.60006
3.791321 2.598929 0.6587253 -3.718767 -3.556158 1.700216 -2.616753 -2.15212 -1.398126 -3.286648 -0.6364532 -3.090668 0.9841695 -2.389617 1.413421 -3.342368 3.780704 2.791407 2.151231 -3.047518 3.598905 2.144574 -1.419847 -0.535089 -3.688273 3.681065 1.041968 -3.602589 -3.538462 1.673279 -2.73143 -1.439488 -1.267962 -1.224337 2.827222 0.25635 2.927001 1.838373 -1.160658 -2.251714 -2.706047 2.312492 -2.592593 -0.320291 -2.883735 -2.627847 2.469715 -2.743408 -1.960648 -2.848619 -3.280159 -0.4628396 -3.660315 -2.117002 -0.8868127 -3.823432 -3.046064 -0.3451409 1.434431 1.206038 -0.3907781 -0.8086238 0.7340989 2.879492 -0.9156556 0.9357934 
 fitness= 
28.80004
3.791321 -2.451099 0.6587253 -3.718767 -3.556158 1.700216 -2.616753 1.657758 -1.398126 -3.286648 -0.05941343 -3.090668 -0.6021037 -2.389617 1.413421 0.8519111 3.780704 3.970574 2.151231 -2.409822 3.598905 2.144574 -1.718494 -0.535089 -3.688273 2.194752 -0.5986266 -3.602589 -3.538462 1.673279 -2.73143 -1.439488 -1.267962 -1.224337 2.827222 -1.856147 2.927001 1.838373 -1.160658 -2.251714 -2.706047 2.312492 -2.592593 -3.632186 1.034909 -2.627847 2.469715 -2.743408 -1.960648 -2.848619 -3.280159 -0.4628396 -3.660315 2.647676 1.189673 -3.823432 -3.046064 -0.3451409 -1.647903 1.545505 1.870518 -0.8086238 0.7340989 2.879492 2.046723 0.9357934 
 fitness= 
23.00002
3.791321 2.598929 0.6587253 -3.718767 -3.556158 1.700216 -3.103936 -2.15212 -1.398126 -3.286648 -0.6364532 -3.090668 0.9841695 -2.389617 1.413421 -3.342368 3.780704 3.970574 2.151231 -2.409822 3.598905 -2.470726 -1.718494 -0.535089 -3.688273 0.5074601 -0.5986266 -3.602589 -3.538462 1.673279 -1.876687 -1.439488 -1.267962 -1.224337 2.827222 -1.856147 3.108459 1.838373 -2.264557 -2.251714 -2.706047 2.312492 -2.592593 -2.623299 1.034909 -2.627847 2.469715 -2.041818 -1.960648 -2.848619 -2.063468 -0.4628396 -0.5291409 -2.117002 -0.8868127 -3.823432 -3.046064 -0.3451409 1.434431 1.545505 -0.3907781 -0.8086238 0.7340989 2.879492 -0.9156556 0.9357934 
 fitness= 
20
3.791321 -2.502167 -3.130921 -3.718767 -3.556158 1.700216 -3.103936 -2.15212 -1.398126 3.192953 -0.6364532 2.698773 0.9841695 -2.389617 1.413421 -3.342368 3.780704 0.6789699 2.151231 -1.974888 3.598905 2.144574 -1.419847 -0.535089 -3.688273 -2.925334 -0.5986266 -3.602589 -3.538462 1.673279 -2.73143 -1.439488 -1.267962 -1.224337 2.827222 0.25635 -0.7541127 1.838373 1.052467 -1.224629 -2.706047 -2.990423 -2.592593 -0.320291 -2.883735 -2.627847 2.469715 -2.041818 -1.960648 -2.848619 -2.063468 2.692506 -3.660315 1.600362 -0.8868127 -1.212247 -0.6426806 -1.414312 1.434431 1.545505 -0.3907781 2.093328 0.7340989 2.879492 -0.9156556 0.9357934 
 fitness= 
19.8
3.791321 2.187643 0.6587253 -3.718767 -3.556158 1.700216 -3.103936 1.495908 -1.398126 -3.286648 -0.05941343 -3.090668 0.9841695 0.8112874 1.413421 0.8519111 3.780704 3.970574 2.151231 -2.409822 3.598905 -2.470726 -1.718494 -0.535089 -3.688273 0.5074601 -0.5986266 3.06395 -3.538462 1.673279 -3.289766 -1.439488 -1.267962 -1.224337 3.585136 -1.856147 3.108459 1.838373 -1.160658 2.411898 -2.706047 2.312492 -2.592593 -3.632186 1.034909 -2.627847 2.469715 -3.147225 1.02185 -2.848619 -3.101741 -0.4628396 -3.660315 -2.117002 -0.8868127 -3.823432 -3.046064 -0.3451409 0.8332686 1.545505 1.870518 -0.8086238 0.7340989 2.879492 2.046723 0.9357934 
 fitness= 
7.999997
3.791321 2.598929 0.6587253 -3.718767 -3.556158 1.700216 -3.103936 -2.15212 -1.398126 2.455661 -0.6364532 -1.982557 0.9841695 -2.389617 1.413421 -3.342368 -3.379199 0.6789699 2.151231 -2.409822 3.598905 -2.470726 -1.718494 -0.535089 -3.688273 0.5074601 -0.5986266 -3.602589 -3.538462 1.673279 -2.73143 -1.439488 -1.267962 -3.08795 2.827222 0.25635 3.108459 3.422248 -1.160658 -2.856012 -2.706047 2.312492 -2.592593 -3.632186 1.034909 -2.627847 2.469715 -3.147225 -1.960648 -2.848619 -2.063468 2.692506 -2.432251 -2.117002 -0.8868127 -3.823432 -3.046064 -1.423546 1.726868 1.545505 1.870518 -0.8086238 0.7340989 2.879492 0.9939523 0.9357934 
 fitness= 
5.199999
3.791321 -2.502167 0.6587253 0.2295022 -3.556158 1.700216 -3.103936 -2.15212 -1.398126 -3.286648 -0.6364532 -0.5310817 3.734362 -2.389617 1.413421 -2.614118 3.780704 -3.961299 2.151231 -1.974888 3.598905 2.144574 -1.419847 -0.535089 1.417209 3.681065 -0.5986266 -3.602589 -3.538462 1.673279 -3.289766 -1.439488 -1.207089 -1.224337 2.827222 0.25635 2.927001 1.838373 -3.754408 -2.251714 -2.706047 -2.910432 -2.592593 -0.320291 -2.883735 -2.627847 2.469715 -2.041818 -1.960648 -2.848619 -2.063468 -0.4628396 -3.660315 -2.117002 -0.8868127 -1.212247 -3.046064 -0.3451409 -3.480367 1.545505 -0.3907781 -0.8086238 0.7340989 2.879492 -0.9156556 0.9357934 
 fitness= 
3
3.791321 -2.502167 0.6587253 -3.718767 -3.556158 1.700216 -3.103936 -2.15212 -1.398126 -3.286648 -0.6364532 2.698773 0.9841695 -2.389617 1.413421 -3.342368 -0.3759389 -3.961299 -1.375 2.547822 2.433946 2.144574 -1.419847 -0.535089 -3.688273 0.5074601 -0.5986266 -3.602589 -3.538462 1.673279 -2.73143 1.96565 -1.267962 -1.224337 2.827222 -1.856147 3.646296 1.838373 -1.160658 2.064648 -2.706047 2.312492 -2.592593 -0.320291 1.034909 -2.627847 2.469715 -2.041818 0.5495982 -2.848619 -2.063468 -0.4628396 -3.660315 -2.117002 -0.8868127 -3.823432 -3.046064 3.257583 1.434431 1.545505 -0.3907781 -0.8086238 0.7340989 -3.364272 -0.9156556 0.9357934 
 fitness= 
2.8
