3.893787 2.598929 0.5706611 -3.718767 -3.852956 3.318272 -2.616753 3.837513 -1.398126 -3.286648 -0.05941343 -3.090668 3.734362 1.214506 1.413421 0.8519111 -3.379199 0.6789699 -3.453652 -1.79256 3.598905 2.144574 -1.718494 -0.535089 1.417209 -2.925334 -2.032671 -1.765052 -3.538462 1.673279 -3.289766 -1.439488 -1.207089 2.998484 -3.725977 0.25635 2.927001 3.390481 -3.863933 2.477482 -1.294245 -2.910432 0.17872 -0.3817306 1.034909 -1.967753 2.469715 -3.147225 2.035455 1.587871 -3.686164 -0.4628396 -2.432251 2.647676 -0.8868127 -3.823432 2.492452 -0.3451409 -1.318447 1.206038 -0.3907781 2.353661 0.7340989 2.879492 -0.9156556 0.9357934 
 fitness= 
71.20006
3.893787 2.598929 0.5706611 -3.718767 -3.556158 -3.367189 -2.616753 3.837513 2.91984 -3.286648 -0.05941343 -3.090668 3.734362 1.214506 1.413421 0.8519111 3.780704 2.963961 2.151231 -2.409822 3.598905 2.144574 -1.718494 -0.535089 1.417209 -2.925334 -2.032671 -1.765052 -3.538462 1.673279 -3.289766 -1.439488 -1.207089 2.998484 -3.725977 0.25635 2.927001 3.390481 -3.863933 2.477482 1.671673 -2.910432 0.17872 -0.3817306 1.034909 -1.967753 2.469715 -3.147225 2.035455 -2.848619 -3.686164 -3.288035 -2.432251 2.647676 -3.491065 -3.823432 2.492452 -0.3451409 -1.318447 1.206038 -0.3907781 2.353661 0.7340989 2.879492 -0.9156556 0.9357934 
 fitness= 
71.00006
3.893787 0.391932 -0.4671397 -3.718767 -3.556158 1.700216 -2.616753 3.837513 -1.398126 -3.286648 0.8145509 1.67247 3.734362 1.214506 1.413421 0.8519111 3.780704 2.963961 2.151231 -2.409822 3.598905 2.144574 -1.718494 -0.535089 1.417209 -2.925334 1.041968 -1.765052 -3.538462 -1.173391 -3.289766 -1.439488 -1.207089 2.998484 -3.725977 0.25635 2.927001 3.390481 0.2006574 2.477482 1.671673 -2.910432 3.462785 -0.3817306 1.034909 -2.627847 -2.980222 -3.147225 -1.960648 1.587871 -3.686164 -0.4628396 -2.432251 2.647676 -3.491065 -3.823432 2.492452 -0.3451409 0.2705569 1.545505 -0.3907781 2.353661 0.7340989 2.879492 -0.9156556 0.7042432 
 fitness= 
63.00017
3.893787 2.598929 0.5706611 -3.718767 -3.556158 1.700216 -2.616753 3.837513 -1.398126 -3.286648 -1.577314 -3.090668 3.734362 1.214506 1.413421 0.8519111 3.780704 2.963961 0.9077878 -1.79256 3.598905 2.144574 -1.718494 -0.535089 1.417209 -2.925334 -2.032671 -1.765052 -3.538462 1.673279 -3.289766 -1.439488 -1.207089 2.998484 -3.725977 0.25635 2.927001 3.390481 0.2006574 2.477482 1.671673 -2.910432 0.17872 -0.3817306 1.034909 -1.967753 2.469715 -3.147225 2.035455 1.587871 -3.686164 -1.66009 -2.432251 2.647676 -3.491065 -3.823432 2.492452 -0.3451409 -1.318447 1.545505 -0.3907781 2.353661 0.7340989 2.879492 -0.9156556 0.7042432 
 fitness= 
60.40016
2.004916 2.598929 -3.130921 -3.718767 -3.852956 1.700216 -2.616753 3.837513 2.91984 -3.286648 -0.07610559 -0.2836518 3.734362 1.214506 1.413421 0.8519111 -3.379199 0.6789699 2.151231 -1.79256 3.598905 2.144574 -2.884849 -3.755382 1.417209 -2.925334 1.041968 -1.765052 -3.538462 -1.173391 -2.73143 -1.439488 -1.207089 -1.224337 -3.725977 0.25635 -3.209747 3.390481 -2.264557 2.477482 -1.294245 -2.910432 3.462785 -1.861485 1.034909 -2.627847 0.9209991 -3.147225 -1.960648 -2.668506 -3.686164 -0.4628396 -2.432251 2.647676 -0.8868127 -3.823432 2.492452 2.553184 -1.280542 1.545505 -0.3907781 2.353661 2.214874 2.879492 2.14434 0.9357934 
 fitness= 
60.00016
3.893787 2.598929 0.5706611 -3.718767 -3.556158 1.700216 0.2775598 3.837513 -1.398126 -3.286648 -0.05941343 -3.090668 3.734362 1.214506 1.413421 0.8519111 3.780704 2.963961 2.151231 -2.409822 3.598905 2.144574 -1.718494 -0.535089 1.417209 -2.925334 -2.032671 -1.765052 -3.538462 1.673279 -2.73143 -1.439488 -1.207089 2.998484 -3.725977 0.25635 2.927001 3.390481 -3.863933 2.477482 1.671673 -2.910432 0.17872 -0.3817306 1.034909 -1.967753 2.469715 -3.147225 -1.960648 1.587871 -3.686164 -0.4628396 3.61445 2.647676 -3.491065 -3.823432 2.492452 -0.3451409 -1.318447 1.206038 -0.3907781 2.353661 0.7340989 2.879492 -0.9156556 0.9357934 
 fitness= 
59.60015
3.893787 2.598929 -3.130921 -3.718767 -3.556158 1.700216 -2.616753 3.837513 -1.398126 1.210453 -0.05941343 -3.090668 3.734362 1.214506 1.413421 -2.260965 3.780704 2.963961 2.151231 -2.409822 3.598905 2.144574 -1.718494 -0.535089 1.417209 -2.925334 1.041968 1.664167 -3.538462 -1.173391 -3.289766 -1.439488 -1.207089 2.998484 -3.725977 0.25635 2.927001 3.390481 0.561193 2.477482 -1.294245 -2.910432 3.462785 -0.3817306 1.034909 -2.627847 0.9209991 -3.009556 -1.960648 1.587871 -3.686164 -0.4628396 -2.432251 2.647676 -3.491065 -3.823432 2.492452 -0.3451409 0.2705569 1.545505 -0.3907781 2.353661 0.8734622 2.879492 -0.9156556 0.7042432 
 fitness= 
59.20015
3.893787 3.13147 -3.130921 -0.4602284 -3.556158 1.700216 -2.616753 3.837513 2.91984 -3.286648 -0.05941343 -3.090668 3.734362 1.214506 1.413421 0.8519111 3.780704 2.963961 2.151231 -2.409822 3.598905 2.144574 -1.718494 -0.535089 1.417209 -2.925334 1.041968 -1.765052 -3.538462 -1.173391 -2.73143 -1.439488 -0.7832189 2.998484 -3.725977 -2.344414 2.927001 3.390481 0.2006574 2.477482 1.671673 -2.910432 3.462785 -0.3817306 3.152093 -1.967753 2.469715 -3.009556 -1.960648 1.587871 -3.686164 -0.4628396 -2.432251 2.647676 -3.491065 -3.823432 2.492452 -0.3451409 0.2705569 1.545505 -0.3907781 2.353661 0.7340989 2.879492 -0.9156556 0.7042432 
 fitness= 
35.20006
0.01741266 2.598929 -3.130921 -3.718767 2.307362 1.638392 -2.616753 3.837513 0.8125052 -3.286648 -0.05941343 -3.090668 3.734362 1.214506 1.413421 0.8519111 3.780704 0.6789699 2.151231 -2.409822 3.598905 2.144574 -1.718494 -0.535089 1.417209 -2.925334 1.041968 -1.765052 -3.538462 -1.173391 -2.73143 -1.439488 -0.7832189 2.998484 -3.725977 0.25635 -3.209747 -0.08530855 0.2006574 2.477482 1.671673 -2.910432 3.462785 -1.861485 1.034909 -2.627847 2.469715 -3.009556 -1.960648 1.587871 -3.686164 -0.4628396 -2.432251 2.647676 -0.8868127 -3.823432 2.492452 1.412425 0.2705569 1.545505 -0.3907781 2.353661 0.7340989 2.879492 -0.9156556 0.7042432 
 fitness= 
28.00003
3.893787 2.598929 -3.130921 -3.718767 -3.556158 1.700216 -2.616753 3.837513 2.91984 -3.286648 -0.05941343 -3.090668 3.734362 1.214506 1.413421 1.81687 -3.379199 -0.1413198 -3.453652 -1.79256 3.598905 2.144574 -2.884849 -0.535089 -0.1054034 -2.925334 -2.032671 -1.765052 -3.538462 -1.173391 -3.289766 -1.439488 -1.207089 2.998484 -3.725977 0.25635 2.927001 3.390481 -2.264557 2.477482 1.671673 -2.910432 3.462785 -2.9863 1.034909 -0.4512076 2.469715 -3.147225 2.035455 1.587871 -3.686164 -0.4628396 -2.432251 3.132174 -0.8868127 -3.823432 2.492452 -0.3451409 -1.318447 1.206038 -0.3907781 2.353661 0.7340989 2.879492 2.14434 0.9357934 
 fitness= 
27.00003
-0.8620563 2.598929 -3.130921 -3.718767 -2.58422 2.396514 -2.616753 3.837513 -1.398126 -3.286648 -0.05941343 -3.090668 3.734362 1.214506 1.413421 0.8519111 3.780704 2.963961 2.151231 -2.409822 3.598905 2.144574 -1.718494 -0.535089 1.417209 -2.925334 1.041968 -1.765052 -3.538462 -1.173391 -3.289766 -1.439488 -0.7832189 2.998484 -3.725977 0.25635 2.927001 3.494712 0.2006574 2.477482 1.671673 -2.910432 3.462785 -0.5250916 1.034909 -1.967753 2.469715 -3.009556 -1.960648 -2.848619 -3.686164 -0.4628396 -2.432251 2.647676 -3.491065 -3.823432 2.492452 2.553184 0.2705569 1.545505 -0.3907781 2.353661 0.7340989 2.879492 2.392366 0.7042432 
 fitness= 
26.80003
-0.8620563 2.598929 -3.130921 -3.718767 -2.58422 1.700216 -2.616753 3.837513 2.91984 -3.286648 -0.05941343 -3.090668 3.734362 1.214506 1.413421 0.8519111 3.780704 2.963961 -3.453652 -1.79256 3.598905 2.144574 -1.718494 -0.535089 1.417209 -2.925334 -2.032671 1.664167 -3.538462 1.673279 -3.289766 -1.439488 -1.207089 2.998484 -3.725977 0.25635 2.927001 3.390481 -3.863933 2.477482 1.671673 -2.910432 0.17872 2.165609 1.034909 -1.967753 2.469715 -3.147225 2.035455 1.587871 -3.686164 -0.4628396 -2.432251 2.647676 -3.491065 -3.823432 2.492452 -0.3451409 -1.318447 1.206038 -0.3907781 2.353661 0.7340989 2.879492 2.14434 0.9357934 
 fitness= 
5
