1.422976 0.5469689 -3.790243 3.642845 -1.06272 0.3672271 2.258186 0.4056649 2.840046 2.25878 1.656542 2.755656 -2.032387 0.9940133 -3.891254 3.733261 1.473124 -2.137457 -1.59697 0.498282 -2.906507 -3.431914 1.599654 3.398864 -3.254181 -1.447699 -3.171868 1.259662 -3.832417 0.1052518 -0.2325625 -2.277444 -1.438669 -0.7130971 -3.427356 -1.660769 -3.883115 -2.000187 -2.067654 3.322412 1.469884 -3.563955 -0.7245297 -3.675978 -0.5021615 -2.184185 3.500645 -2.165323 -2.227986 0.616941 3.696513 1.78604 0.02889585 2.976154 -2.45585 -1.874925 3.29633 0.3581166 0.3129544 -0.7039771 2.579237 1.574682 -3.370266 -3.83091 -1.758058 -0.4005723 
 fitness= 22.96106
1.422976 0.5469689 -3.790243 3.642845 -1.06272 0.3672271 -3.993459 0.4056649 -3.777028 -1.225985 -3.366416 2.755656 0.3645196 -3.551086 -3.891254 3.733261 -1.654077 -2.137457 -1.59697 0.498282 -2.906507 -3.431914 0.4671512 1.092119 -3.254181 -1.447699 -3.171868 -1.987807 -3.832417 0.1052518 -0.2325625 -2.277444 -1.438669 -0.7130971 -3.427356 -1.660769 -3.830174 -2.000187 -2.067654 3.322412 1.469884 1.257416 -0.7245297 -3.675978 -0.5021615 -2.184185 2.448052 -2.165323 1.78222 0.616941 3.696513 1.78604 0.02889585 2.976154 -2.45585 -1.874925 3.29633 0.3581166 0.3129544 -0.7039771 2.579237 1.574682 -3.370266 -3.83091 -1.758058 -0.4005723 
 fitness= 19.6167
-0.8542247 1.81121 3.06892 -2.904989 2.206083 -3.587332 2.618032 1.39961 -1.380396 0.5253062 -0.4841323 -0.1698165 1.184108 -2.514497 -2.261318 -1.684579 1.214796 -0.6175513 0.9577518 -2.544153 2.426162 -0.3885255 3.032824 -2.462054 0.1425405 2.480147 2.540878 -1.555653 -1.067101 -0.08458948 -0.5200906 1.73077 -3.146129 -2.377193 0.5971112 0.8345819 2.163766 3.945235 1.63041 3.016934 0.4760776 -1.712406 1.034481 -0.4253821 1.725746 -0.7583079 0.1065688 -1.177619 0.9907832 -0.1898828 -0.5864148 1.654369 2.96157 2.61937 0.9333282 0.5536313 0.1865296 -1.858728 0.3644967 -1.880826 1.127453 -3.007581 2.326756 -1.146433 0.5878892 -1.075323 
 fitness= 17.16407
-0.8542247 1.81121 3.06892 -2.071575 2.206083 -3.587332 2.618032 1.832139 -1.380396 0.5253062 2.357708 -0.1698165 1.184108 -2.514497 1.899102 -1.684579 1.62702 0.8718143 -1.65171 -2.544153 3.367197 -0.3885255 0.920711 -2.462054 0.1425405 2.480147 2.540878 -1.555653 -1.067101 -0.08458948 -0.5200906 -3.988109 -3.146129 -0.4037509 -1.078125 3.90785 0.3489861 3.945235 1.63041 -1.500454 0.4760776 2.904051 -1.262747 -0.4253821 1.725746 -0.7583079 3.295811 -1.177619 -0.08361006 -0.1898828 0.1547217 1.654369 2.96157 2.61937 0.9333282 0.5536313 2.54514 -1.858728 0.3644967 -1.880826 3.10249 3.990481 2.326756 -1.146433 0.5878892 2.787701 
 fitness= 14.88078
0.9620795 2.071113 -0.0258956 -1.554121 -0.100493 -0.7417092 1.833252 -2.764595 -3.559919 1.858011 3.27407 -2.355374 -2.855614 3.248146 1.391597 -1.557697 3.560471 2.536644 2.609662 3.565086 -3.064617 1.663692 -2.105837 1.082336 -1.359862 2.239486 -0.05886316 0.8087344 -1.400838 3.869891 3.158854 0.5736804 -0.5676637 0.4457107 -3.477717 2.600447 1.391568 -2.429206 1.812939 -0.9209962 -3.585702 -2.916 -3.09799 1.215421 -2.442385 -2.299399 -3.383049 -2.900879 -2.384018 2.678907 0.2286839 1.307415 -0.317595 2.227839 -0.5615754 -1.483603 -2.698906 0.0572381 -3.85544 -2.855828 2.537842 -1.960696 0.8862367 1.94903 1.487293 -0.1508822 
 fitness= 14.12083
0.9620795 2.071113 -0.0258956 -1.554121 -1.514477 0.2096591 1.833252 -2.764595 -3.559919 1.858011 3.27407 -2.355374 -1.654725 2.268207 1.391597 -1.557697 0.5872941 2.536644 1.550145 3.565086 -3.064617 1.663692 -2.105837 1.082336 3.82646 2.739943 -0.05886316 0.8087344 -1.400838 3.869891 3.158854 0.5736804 -0.5676637 0.4457107 -3.477717 2.600447 1.744721 -2.429206 0.07506609 -0.9209962 -3.585702 -2.916 3.270836 1.215421 -2.442385 -0.1574225 -3.310729 -2.900879 0.4287858 2.678907 0.2286839 -1.933875 -1.086653 2.227839 -3.320248 2.285378 -2.698906 0.0572381 -1.888113 -2.287053 0.6147418 -1.960696 0.8862367 1.94903 1.494478 -1.021809 
 fitness= 12.40442
0.9620795 1.486967 -0.0258956 -1.554121 -1.514477 -0.7417092 0.8525052 -2.764595 -3.559919 1.858011 3.27407 -2.355374 -1.147226 3.248146 1.391597 -1.557697 0.5872941 2.536644 3.69066 3.565086 0.2862239 1.663692 -2.105837 1.082336 -1.339525 2.239486 -0.05886316 0.8087344 -1.400838 3.869891 3.158854 0.5736804 -0.5676637 0.4457107 -3.477717 2.600447 1.391568 -2.332542 0.07506609 -0.9209962 -3.585702 -2.916 3.270836 1.215421 -2.442385 -0.1574225 -3.086314 -2.900879 -2.384018 2.678907 0.2286839 -1.933875 -1.086653 2.227839 -0.5615754 2.285378 -2.698906 0.0572381 -1.888113 -2.287053 0.6147418 -1.960696 0.8862367 1.94903 1.487293 -1.021809 
 fitness= 10.94467
-0.8542247 1.81121 2.872779 -2.071575 2.206083 -3.587332 2.377107 1.832139 -1.380396 -0.6807189 -0.4841323 -0.1698165 1.184108 -2.514497 1.899102 -1.684579 1.214796 0.8718143 -1.65171 -2.544153 3.367197 -0.8470664 -1.773068 2.233448 0.1425405 2.480147 1.213744 -1.555653 -1.067101 -0.08458948 -0.5979209 -3.988109 -3.146129 -0.4037509 -1.078125 -1.311517 2.163766 3.945235 1.63041 -1.500454 0.4760776 2.904051 -1.262747 0.2176633 2.955795 -0.7583079 3.295811 -1.177619 -0.08361006 3.632813 2.197235 1.654369 2.96157 -3.283839 0.9333282 0.5536313 2.54514 -1.858728 0.3644967 -1.880826 1.127453 3.990481 2.326756 -1.146433 0.5878892 2.787701 
 fitness= 10.06335
-0.8542247 1.81121 3.06892 -2.904989 2.206083 -3.587332 2.618032 1.832139 -1.380396 0.5253062 -0.4841323 -0.1698165 1.184108 -2.514497 -2.261318 -1.684579 3.817471 3.527155 -1.65171 -2.544153 2.426162 -0.3885255 -1.773068 -2.462054 0.1425405 2.480147 2.540878 -1.555653 -1.067101 -0.08458948 -0.5200906 1.73077 3.468958 -3.113545 -3.491582 0.8345819 2.163766 3.945235 1.63041 3.016934 0.4760776 2.904051 -1.262747 -0.4253821 1.725746 -0.7583079 3.295811 -1.177619 -0.08361006 -0.1898828 -0.5864148 -3.584324 2.96157 2.61937 0.9333282 0.5536313 0.1865296 -1.858728 0.3644967 -1.880826 1.127453 -3.007581 2.326756 -1.146433 0.5878892 2.787701 
 fitness= 5.814266
1.422976 0.5469689 -3.790243 3.642845 -1.06272 0.3672271 2.258186 0.4056649 -3.777028 -1.225985 1.656542 2.755656 0.3645196 0.9940133 -3.891254 1.176621 1.473124 -2.137457 -1.59697 3.286781 -2.906507 -3.431914 0.4671512 1.092119 -3.254181 -1.447699 -3.171868 -1.987807 -3.832417 -2.390016 -0.2325625 -2.277444 -1.438669 -0.7130971 -3.427356 -1.660769 -3.883115 -2.000187 0.4291902 3.716207 1.469884 -2.502456 -0.7245297 2.581055 -0.5021615 -2.184185 3.500645 -2.165323 2.529648 -3.60384 3.696513 1.78604 0.02889585 3.912258 -2.45585 -1.874925 3.29633 0.3581166 0.3129544 -0.7039771 2.579237 1.574682 -3.370266 3.723171 -1.758058 -0.4005723 
 fitness= 4.910623
