3.893787 2.598929 0.5706611 -3.718767 -3.556158 -2.442437 2.687597 3.837513 2.91984 -3.286648 -0.7369504 -3.090668 3.734362 1.214506 1.413421 0.8519111 3.780704 2.963961 2.151231 -1.79256 3.598905 2.144574 -1.718494 -0.535089 -2.905672 0.4988236 -3.428494 0.5969481 -3.538462 -1.173391 -3.289766 -1.439488 -1.207089 2.998484 -3.725977 0.25635 2.927001 3.390481 -3.863933 2.477482 1.671673 -2.910432 2.324779 -1.361843 1.273158 0.04947138 2.469715 -3.147225 2.035455 1.587871 -2.6921 -3.891007 -2.432251 2.647676 -3.491065 -3.823432 2.492452 -0.3451409 -1.318447 1.206038 -0.4695039 2.353661 0.7340989 2.879492 -0.9156556 0.9357934 
 fitness= 
301.6
3.893787 2.598929 0.5706611 -3.718767 -3.556158 0.1838756 2.687597 3.837513 2.91984 -3.286648 -0.07610559 -0.2836518 3.734362 1.214506 1.413421 0.8519111 3.780704 2.182861 2.151231 -2.409822 3.598905 2.144574 -1.718494 -0.535089 -3.428905 -2.925334 -2.032671 -1.765052 -3.538462 -1.173391 -3.289766 -1.439488 -1.207089 2.998484 -3.725977 0.25635 2.927001 -1.576991 -3.863933 2.477482 1.671673 -2.910432 0.17872 -1.361843 1.273158 0.04947138 2.469715 -3.147225 2.035455 1.587871 -3.686164 -1.66009 -2.432251 2.647676 -3.491065 -3.823432 2.492452 -0.3451409 -1.318447 1.206038 -0.4695039 2.353661 0.7340989 2.879492 -0.9156556 0.9357934 
 fitness= 
291.3994
3.893787 2.598929 0.5706611 -3.718767 -3.556158 -3.367189 2.687597 3.837513 2.35083 -3.286648 -1.577314 -2.027701 3.734362 1.214506 1.413421 0.8519111 3.780704 2.963961 2.151231 -1.79256 3.598905 2.144574 -1.718494 -0.535089 -3.428905 -2.925334 -2.032671 -1.765052 -3.538462 0.8138251 -3.289766 -1.439488 1.527334 -1.224337 -3.725977 0.25635 2.927001 3.390481 -3.863933 2.477482 1.671673 -2.910432 0.17872 -0.3817306 1.034909 -1.967753 2.469715 -3.147225 2.035455 1.587871 -2.6921 -3.288035 -2.432251 2.647676 -3.491065 -3.823432 2.492452 1.025559 -1.318447 -1.8055 -0.3907781 2.353661 0.7340989 2.879492 -0.9156556 0.9357934 
 fitness= 
184.1983
3.893787 2.598929 0.5706611 -3.718767 -3.556158 -3.367189 -1.527102 3.837513 2.91984 -3.286648 -1.577314 -2.027701 -0.9736915 1.214506 1.413421 0.8519111 3.780704 2.963961 2.151231 -1.79256 3.598905 2.144574 -1.718494 -0.535089 -2.905672 -2.925334 -2.032671 -1.765052 -3.538462 1.673279 -3.289766 -1.439488 -1.207089 2.998484 -3.725977 0.25635 2.927001 3.390481 -3.863933 0.9389367 1.671673 -2.910432 0.17872 -0.3817306 1.034909 -1.967753 2.469715 -3.147225 2.035455 -2.848619 -2.6921 -3.891007 -2.432251 2.647676 -3.491065 -3.823432 2.492452 -0.3451409 -1.318447 -1.8055 1.082974 2.353661 0.7340989 2.879492 -0.9156556 0.9357934 
 fitness= 
166.3986
3.893787 2.598929 0.5706611 -3.718767 -3.556158 -3.367189 2.829445 3.837513 2.91984 -3.286648 -0.07610559 -3.090668 3.734362 1.214506 1.413421 0.8519111 3.780704 2.963961 2.151231 -2.409822 3.598905 2.144574 -1.718494 -0.535089 -3.428905 0.4988236 -2.032671 -1.765052 -3.538462 -1.173391 -3.289766 -1.439488 -1.207089 2.998484 0.7116761 0.25635 2.927001 -1.576991 -3.863933 2.477482 1.671673 -2.910432 2.324779 -1.361843 1.034909 0.04947138 2.469715 -3.147225 2.035455 1.587871 -3.686164 -1.66009 -2.432251 2.647676 -3.491065 -3.823432 2.492452 -0.3451409 -1.318447 1.206038 -0.3907781 2.353661 0.7340989 2.879492 -0.9156556 0.9357934 
 fitness= 
70.80006
3.893787 2.598929 0.5706611 -0.4133935 -3.556158 -3.367189 2.687597 3.837513 2.91984 -3.286648 -1.577314 -2.027701 -2.936662 1.214506 1.413421 0.8519111 3.780704 -2.841079 2.151231 0.4346404 3.598905 2.144574 -1.718494 -0.535089 -3.428905 -2.925334 -2.032671 -1.765052 -3.538462 -1.173391 -3.289766 -1.439488 -1.207089 2.998484 -3.725977 -2.466593 2.927001 3.390481 -3.863933 0.9389367 1.671673 -2.910432 0.17872 -0.3817306 1.034909 -1.967753 2.469715 -3.147225 2.035455 1.587871 -3.686164 -3.288035 -2.432251 -0.6498837 -3.491065 -3.823432 2.492452 -0.3451409 -1.318447 1.206038 -0.3907781 2.353661 0.7340989 2.879492 1.621793 0.9357934 
 fitness= 
29.60004
3.893787 2.598929 0.5706611 0.07551527 -3.556158 -3.367189 -2.616753 3.837513 2.91984 -3.286648 -0.07610559 -3.090668 3.734362 1.214506 1.413421 0.8519111 3.780704 2.963961 2.151231 -2.409822 3.598905 2.144574 -1.718494 -0.535089 -3.428905 0.4988236 -2.032671 -1.765052 -3.538462 1.673279 -3.289766 -1.439488 -1.207089 2.998484 -3.725977 0.25635 2.927001 3.390481 -3.863933 2.477482 1.671673 -1.026063 2.324779 1.536354 1.034909 0.04947138 2.469715 -3.147225 2.035455 -2.848619 -2.6921 -1.66009 -2.432251 2.647676 -3.491065 -3.823432 2.492452 -0.3451409 -1.318447 1.206038 -2.786901 2.353661 0.7340989 2.879492 1.652075 0.9357934 
 fitness= 
29.00004
3.893787 2.598929 0.5706611 -3.718767 -3.556158 -3.367189 2.687597 3.837513 2.91984 -3.286648 -1.577314 -2.027701 -2.936662 1.214506 1.413421 2.301188 3.780704 2.963961 2.151231 -1.79256 3.598905 2.144574 -1.718494 -0.535089 -3.428905 -2.925334 -2.032671 -1.765052 -3.538462 -1.173391 -3.289766 -1.439488 -1.207089 2.998484 -3.725977 0.25635 2.927001 2.12289 -3.863933 0.9389367 1.671673 -2.910432 0.17872 -0.3817306 1.034909 -1.967753 2.469715 -3.147225 2.035455 1.587871 -3.686164 -3.288035 -2.432251 2.647676 -3.491065 -3.823432 2.492452 -0.3451409 -1.318447 1.206038 -0.3907781 0.8145213 0.7340989 -3.319386 -0.9156556 0.9357934 
 fitness= 
22.40001
3.893787 2.598929 0.5706611 -0.4133935 -3.556158 -3.367189 2.687597 3.837513 2.35083 -3.286648 -1.577314 -2.027701 3.734362 1.214506 1.413421 0.8519111 3.780704 2.963961 2.151231 -2.409822 3.598905 2.144574 -1.718494 -0.535089 -3.428905 0.4988236 -2.032671 -1.765052 -3.538462 -1.912413 -3.289766 -1.439488 -1.207089 2.998484 -3.725977 0.25635 2.927001 3.390481 -3.863933 0.9389367 1.671673 -2.910432 0.17872 -0.3817306 1.034909 -1.967753 2.469715 -3.147225 2.035455 1.587871 -2.295326 -3.288035 -2.432251 2.647676 -3.491065 -3.823432 2.492452 -0.3451409 -1.318447 -1.8055 -0.4695039 2.353661 0.7340989 2.879492 -0.9156556 0.9357934 
 fitness= 
20.60001
3.893787 2.598929 0.5706611 -0.4133935 -3.556158 -3.367189 2.687597 3.837513 2.91984 -3.286648 -1.577314 -3.090668 -3.24114 1.214506 1.413421 0.8519111 3.780704 2.963961 2.151231 -1.79256 3.598905 2.144574 -1.718494 -0.535089 -3.428905 -2.925334 -2.032671 0.5969481 -3.538462 -1.173391 -3.289766 -1.439488 -1.207089 2.998484 -0.4930482 0.25635 2.927001 3.390481 -3.863933 0.9389367 1.671673 -2.910432 0.17872 -0.3817306 1.034909 -1.967753 2.469715 -3.147225 2.035455 1.587871 -2.6921 -3.288035 -2.432251 2.647676 -3.491065 -3.823432 2.492452 -0.3451409 -1.318447 1.206038 -0.3907781 2.353661 0.7340989 2.879492 -0.9156556 0.9357934 
 fitness= 
20.2
-1.197634 2.598929 0.5706611 -3.718767 -3.556158 -3.367189 -2.616753 3.837513 2.91984 -3.286648 -0.07610559 -0.2836518 -0.9736915 1.214506 1.413421 -2.965497 3.780704 2.963961 2.151231 -1.79256 3.598905 2.144574 -1.718494 1.543756 -2.905672 -2.925334 -2.032671 -1.765052 -3.538462 1.673279 -3.289766 -1.439488 -1.207089 -1.224337 -3.725977 0.25635 2.927001 3.390481 -3.863933 2.477482 1.671673 2.539057 0.17872 -0.3817306 1.273158 -1.967753 2.469715 -3.147225 2.035455 -2.848619 -3.686164 -3.288035 -2.432251 2.647676 -3.491065 -3.823432 2.492452 -0.3451409 -1.318447 1.206038 -0.3907781 2.353661 0.7340989 2.879492 -0.9156556 0.9357934 
 fitness= 
18.4
3.893787 2.598929 0.5706611 -3.718767 -3.556158 -3.367189 2.687597 3.837513 2.91984 -3.286648 -1.577314 -3.090668 3.734362 1.214506 1.413421 2.301188 3.780704 2.963961 2.151231 -2.409822 3.598905 2.144574 -1.718494 -0.535089 -3.428905 0.4988236 -2.032671 -1.765052 -3.538462 -1.173391 -3.289766 -1.439488 -1.207089 2.998484 -3.725977 0.25635 2.927001 -1.576991 -3.863933 2.477482 -2.598274 -1.439787 2.324779 -1.361843 1.034909 0.04947138 2.469715 -3.147225 2.035455 1.587871 -3.686164 -2.987555 -2.432251 2.647676 1.930218 -3.823432 2.492452 -0.3451409 -1.318447 1.206038 -0.4695039 2.353661 0.7340989 2.879492 -0.9156556 0.9357934 
 fitness= 
5.199999
