3.893787 2.598929 0.5706611 -3.718767 -3.556158 1.700216 -2.616753 3.837513 -1.398126 -3.286648 -0.05941343 -3.090668 3.734362 1.214506 1.413421 0.8519111 3.780704 2.963961 -3.453652 -1.79256 3.598905 2.144574 -1.718494 -0.535089 1.417209 -2.925334 -2.032671 -1.765052 -3.538462 1.673279 -3.289766 -1.439488 -1.207089 2.998484 -3.725977 0.25635 2.927001 3.390481 -3.863933 2.477482 1.671673 -2.910432 0.17872 -0.3817306 1.034909 -1.967753 2.469715 -3.147225 2.035455 1.587871 -3.686164 -0.4628396 -2.432251 2.647676 -3.491065 -3.823432 2.492452 -0.3451409 -1.318447 1.206038 -0.3907781 2.353661 0.7340989 2.879492 -0.9156556 0.9357934 
 fitness= 
99.19963
3.893787 2.598929 -3.130921 -3.718767 -3.556158 1.700216 -2.616753 3.837513 -1.398126 -3.286648 -0.05941343 -3.090668 3.734362 1.214506 1.413421 -2.260965 3.780704 2.963961 2.151231 -2.409822 3.598905 2.144574 -1.718494 -0.535089 1.417209 -2.925334 1.041968 -1.765052 -3.538462 -1.173391 -3.289766 -1.439488 -0.7832189 2.998484 -3.725977 0.25635 2.927001 3.390481 0.2006574 2.477482 1.671673 -2.910432 3.462785 -0.3817306 1.034909 -2.627847 2.469715 -3.009556 -1.960648 1.587871 -3.686164 -0.4628396 -2.432251 2.647676 -3.491065 -3.823432 2.492452 -0.3451409 0.2705569 1.545505 -0.3907781 2.353661 0.7340989 2.879492 -0.9156556 0.7042432 
 fitness= 
68.2001
2.004916 2.598929 -3.130921 -3.718767 -3.852956 1.700216 -2.616753 3.837513 2.91984 -3.286648 -0.07610559 -0.2836518 3.734362 1.214506 1.413421 0.8519111 -3.379199 0.6789699 2.151231 -2.409822 3.598905 2.144574 -2.884849 -0.535089 1.417209 -2.925334 1.041968 1.664167 -3.538462 -1.173391 -2.73143 -1.439488 -1.207089 -1.224337 -3.725977 0.25635 -3.209747 3.390481 -2.264557 2.477482 -1.294245 -2.910432 3.462785 -1.861485 1.034909 -2.627847 0.9209991 -3.147225 -1.960648 -2.668506 -3.686164 -0.4628396 -2.432251 3.132174 -0.8868127 -3.823432 2.492452 2.553184 0.2705569 1.545505 -0.3907781 2.353661 0.7340989 2.879492 2.14434 0.9357934 
 fitness= 
61.40016
3.893787 2.598929 -3.130921 -3.718767 -3.852956 1.700216 -2.616753 3.837513 2.91984 -3.286648 -0.05941343 -0.2836518 3.734362 1.214506 1.413421 0.8519111 -3.379199 0.6789699 2.151231 -1.79256 3.598905 2.144574 -2.884849 -1.181754 1.417209 -2.925334 1.041968 -1.765052 -3.538462 -1.173391 -2.73143 -1.439488 -1.207089 -1.224337 -3.725977 0.25635 2.927001 3.390481 0.2006574 2.477482 -1.294245 -2.910432 3.462785 -0.3817306 1.034909 -1.967753 2.469715 -3.147225 -1.960648 -2.848619 -3.686164 -0.4628396 -2.432251 2.647676 -0.8868127 -3.823432 2.492452 -0.3451409 0.2705569 1.206038 -0.3907781 2.353661 0.7340989 2.879492 2.14434 0.9357934 
 fitness= 
59.40015
3.893787 2.598929 -3.130921 -3.718767 -3.852956 1.700216 -2.616753 3.837513 2.91984 -3.286648 -0.05941343 -0.2836518 3.734362 1.214506 1.413421 0.8519111 -3.379199 0.6789699 2.151231 -2.409822 3.598905 2.144574 -2.884849 -0.535089 1.417209 -2.925334 -2.032671 1.664167 -3.538462 -1.173391 -2.73143 -1.439488 -1.207089 2.998484 -3.725977 0.25635 2.927001 3.390481 0.2006574 2.477482 -1.294245 -2.910432 3.462785 -0.3817306 3.154139 -1.967753 0.9209991 -3.147225 -1.960648 -2.848619 -3.686164 -0.4628396 -2.432251 2.647676 -0.8868127 -3.823432 2.492452 -0.3451409 0.2705569 1.545505 -0.3907781 2.353661 0.7340989 2.879492 2.14434 0.9357934 
 fitness= 
46.4001
-0.8620563 2.598929 -3.130921 -3.718767 -2.58422 1.700216 -2.616753 3.837513 2.91984 -3.286648 -0.05941343 -0.2836518 3.734362 1.214506 1.413421 0.8519111 -3.379199 2.963961 1.149974 -2.409822 3.598905 2.144574 -1.718494 -0.535089 1.417209 -2.925334 1.041968 1.664167 -3.538462 -1.173391 -3.289766 -1.439488 -1.207089 -1.224337 -3.725977 0.25635 2.927001 3.390481 0.2006574 2.477482 1.671673 -2.910432 3.462785 -0.3817306 1.034909 -1.967753 2.469715 -3.147225 -1.960648 -2.848619 -3.686164 -0.4628396 -2.432251 2.647676 -0.8868127 -3.823432 2.492452 2.553184 0.2705569 1.545505 -0.3907781 2.353661 0.7340989 2.879492 2.14434 0.9357934 
 fitness= 
45.8001
3.893787 -1.727159 -3.130921 -3.718767 -3.556158 1.700216 -2.616753 3.837513 2.91984 -3.286648 -0.05941343 -0.2836518 3.734362 1.214506 1.413421 0.8519111 3.780704 2.963961 2.151231 -2.409822 3.598905 -0.7751098 -1.718494 -0.535089 1.417209 -2.925334 1.041968 1.664167 -3.538462 -1.173391 -2.73143 -1.439488 -1.207089 -1.747505 -3.725977 0.25635 2.927001 3.390481 0.2006574 2.477482 -1.294245 -2.910432 3.462785 -0.3817306 -1.364569 -1.967753 -2.980222 -3.147225 -1.960648 1.587871 -3.686164 -0.4628396 -2.432251 2.647676 -0.8868127 -3.823432 2.492452 2.553184 0.2705569 1.545505 -0.3907781 2.353661 0.7340989 2.879492 2.14434 0.9357934 
 fitness= 
28.60004
3.893787 -2.502167 -3.130921 -3.718767 2.765205 1.700216 -2.616753 3.837513 2.91984 -3.286648 -0.05941343 -0.2836518 3.734362 1.214506 1.413421 0.8519111 -3.379199 0.6789699 2.151231 -2.409822 3.598905 2.144574 -2.884849 -0.535089 1.417209 2.02555 1.041968 1.664167 -3.538462 -1.173391 -2.73143 -1.439488 -1.207089 -1.224337 -3.725977 0.25635 2.927001 3.390481 0.2006574 2.477482 -1.294245 -2.910432 3.462785 -0.3817306 -2.124122 -1.967753 2.469715 -3.147225 -1.960648 -2.848619 -3.686164 -0.4628396 -2.432251 2.647676 2.170134 -3.823432 2.492452 2.553184 0.2705569 1.545505 -0.3907781 2.353661 0.7340989 2.879492 2.14434 0.7042432 
 fitness= 
28.40004
3.893787 2.598929 -3.130921 -0.2240262 -3.556158 1.700216 -2.616753 3.837513 -1.398126 -3.286648 -0.05941343 -3.090668 3.734362 1.214506 1.413421 0.8519111 -3.379199 0.6789699 -3.453652 -1.79256 3.598905 -3.407129 -1.718494 -0.535089 1.417209 -2.925334 -2.032671 -1.765052 -1.502794 -0.2774444 -3.289766 -1.439488 -1.207089 2.998484 -3.725977 0.25635 3.881252 3.390481 0.2006574 2.477482 -2.706047 -2.910432 1.910089 -0.3817306 1.034909 -1.967753 2.469715 -2.625849 -1.960648 1.587871 -3.686164 -0.4628396 -2.432251 2.647676 -3.491065 -3.823432 2.492452 -0.3451409 0.2705569 1.545505 -0.3907781 2.353661 0.7340989 2.879492 -0.9156556 0.9357934 
 fitness= 
28.40004
3.893787 2.598929 -3.130921 -1.577599 -3.556158 1.700216 -2.616753 3.837513 -1.398126 -3.286648 -0.6364532 -3.090668 -2.427231 1.214506 1.413421 0.8519111 -3.379199 0.6789699 -3.453652 -1.79256 3.598905 2.144574 2.371141 -1.181754 1.417209 -2.925334 1.041968 -1.765052 -1.559476 -1.173391 -3.289766 -1.439488 -0.5335593 -3.282131 -3.725977 0.25635 2.927001 3.390481 0.2006574 2.477482 -2.706047 2.312492 3.462785 -0.3817306 1.034909 -1.967753 2.469715 -3.147225 -1.960648 1.587871 -3.686164 -0.4628396 -2.432251 2.647676 -3.895197 -3.823432 2.492452 -0.3451409 0.2705569 1.206038 -0.3907781 2.353661 0.7340989 0.03221846 -0.9156556 0.9357934 
 fitness= 
19.8
3.893787 2.598929 -3.130921 -3.718767 -3.556158 1.700216 -2.845907 3.837513 -1.398126 -3.286648 -0.05941343 -3.090668 3.734362 1.214506 1.413421 0.8519111 3.780704 2.963961 2.151231 -1.79256 3.598905 2.144574 -1.718494 -2.974931 1.417209 -2.925334 -2.032671 -1.765052 -3.538462 -1.173391 -2.73143 -1.439488 -1.207089 2.998484 -3.725977 0.25635 2.927001 3.390481 0.2006574 2.477482 1.671673 -2.910432 3.462785 -0.3817306 1.034909 -2.627847 2.469715 -3.147225 -1.960648 1.587871 -3.686164 -0.4628396 -2.432251 2.647676 -3.491065 -3.823432 -3.046064 -0.3451409 0.2705569 1.545505 -0.3907781 2.353661 0.7340989 2.879492 -0.9156556 0.9357934 
 fitness= 
4.6
-0.388392 2.598929 -3.130921 -3.718767 -3.556158 1.700216 -2.616753 3.837513 -1.398126 -3.286648 -0.05941343 -3.090668 3.734362 1.214506 1.413421 0.8519111 3.780704 2.963961 -3.453652 -2.409822 3.598905 2.144574 -0.1465106 -0.535089 1.417209 -2.925334 -2.032671 -1.765052 -3.538462 -1.173391 -3.289766 -1.439488 -1.207089 2.998484 -3.725977 -0.5383468 2.927001 3.390481 0.2006574 -0.810142 1.671673 -2.910432 3.462785 -0.3817306 1.034909 -1.967753 2.469715 -3.147225 -1.960648 1.587871 -3.686164 0.05166578 -2.432251 2.647676 2.170134 -3.823432 2.492452 -0.3451409 -0.7881513 1.545505 -0.3907781 2.353661 0.7340989 2.879492 -0.9156556 0.9357934 
 fitness= 
3.200001
