3.893787 2.598929 0.5706611 -3.718767 -3.556158 -3.367189 -2.616753 3.837513 2.91984 -3.286648 -1.577314 -3.090668 3.734362 1.214506 1.413421 0.8519111 3.780704 2.963961 2.151231 -1.79256 3.598905 2.144574 -1.718494 -0.535089 -3.428905 -2.925334 -2.032671 0.5969481 -3.538462 1.673279 -3.289766 -1.439488 -1.207089 2.998484 -3.725977 0.25635 2.927001 3.390481 -3.863933 2.477482 1.671673 2.539057 0.17872 -0.3817306 1.273158 -1.967753 2.469715 -3.147225 2.035455 -2.848619 -3.686164 -3.288035 -2.432251 2.647676 -3.491065 -3.823432 2.492452 -0.3451409 -1.318447 1.206038 -0.3907781 2.353661 0.7340989 2.879492 -0.9156556 0.9357934 
 fitness= 
304.6002
3.893787 2.598929 0.5706611 -3.718767 -3.556158 -3.367189 2.687597 3.837513 2.91984 -3.286648 -1.577314 -3.090668 -2.936662 1.214506 1.413421 0.8519111 3.780704 2.963961 2.151231 -1.79256 3.598905 2.144574 -1.718494 -0.535089 -3.428905 -2.925334 -2.032671 -1.765052 -3.538462 -1.173391 -3.289766 -1.439488 -1.207089 2.998484 -3.725977 0.25635 2.927001 3.390481 -3.863933 2.477482 1.671673 -2.910432 0.17872 -0.3817306 1.034909 -1.967753 2.469715 -3.147225 2.035455 1.587871 -2.6921 -3.288035 -2.432251 2.647676 -3.491065 -3.823432 2.492452 -0.3451409 -1.318447 1.206038 -0.3907781 2.353661 0.7340989 3.273843 -0.9156556 0.9357934 
 fitness= 
291.3994
3.893787 2.598929 0.5706611 -3.718767 -3.556158 -3.367189 -2.616753 3.837513 -1.398126 -3.286648 -1.577314 -1.749367 -2.936662 1.214506 1.413421 0.8519111 3.780704 2.963961 2.151231 -1.79256 3.598905 2.144574 -1.718494 -0.535089 -3.106303 -2.925334 -2.032671 -1.765052 -3.538462 -1.173391 -3.289766 -1.439488 -1.207089 2.998484 -3.725977 0.25635 2.927001 3.390481 -3.863933 2.477482 1.671673 2.539057 0.17872 -0.3817306 1.034909 -1.967753 2.469715 -3.147225 2.035455 1.587871 -3.686164 -3.288035 -2.432251 2.647676 -3.491065 -3.823432 2.492452 -0.3451409 -1.318447 1.206038 -0.3907781 2.353661 0.7340989 2.879492 2.138397 0.9357934 
 fitness= 
184.1983
3.893787 2.598929 0.5706611 -3.718767 -3.556158 3.318272 -2.616753 3.837513 2.91984 -3.286648 -0.05941343 -3.090668 3.734362 1.214506 1.413421 0.8519111 -3.379199 2.963961 -3.453652 -2.409822 3.598905 2.144574 -1.718494 -0.535089 1.417209 -2.925334 -2.032671 -1.765052 -3.538462 1.673279 -3.289766 -1.439488 -1.207089 2.998484 -3.725977 0.25635 2.927001 3.390481 -3.863933 2.477482 1.671673 -2.910432 0.17872 -0.3817306 1.034909 -1.967753 2.469715 -3.147225 2.035455 1.587871 -3.686164 -3.891007 3.61445 2.647676 -0.8868127 -3.823432 2.492452 -0.3451409 -1.318447 1.206038 -0.3907781 2.353661 0.7340989 2.879492 -0.9156556 0.9357934 
 fitness= 
183.3983
3.893787 2.598929 0.5706611 -3.718767 -3.556158 -3.367189 -2.616753 3.837513 2.91984 -3.286648 -0.07610559 -0.2836518 3.734362 1.214506 1.413421 0.8519111 3.780704 -2.172524 2.151231 -2.409822 3.598905 2.144574 -1.718494 -0.535089 1.417209 -2.925334 -2.032671 0.5969481 -3.538462 1.673279 -2.73143 -1.439488 -1.207089 -1.224337 -3.725977 0.25635 2.927001 3.390481 -3.863933 2.477482 1.671673 -2.910432 3.462785 -0.3817306 1.273158 -1.967753 -2.980222 -3.147225 2.035455 -2.848619 -3.686164 -3.288035 -2.432251 2.647676 -0.8868127 -3.823432 2.492452 -0.3451409 -1.318447 1.545505 -0.3907781 2.353661 0.7340989 2.879492 -0.9156556 0.9357934 
 fitness= 
80.39992
3.893787 2.598929 0.5706611 -3.718767 -3.556158 1.700216 -2.616753 3.837513 2.91984 -3.286648 -0.07610559 -0.2836518 3.734362 1.214506 1.413421 0.8519111 3.780704 2.963961 2.151231 -2.409822 3.598905 2.144574 -1.718494 -0.535089 1.417209 -2.925334 -2.032671 -1.765052 -3.538462 1.673279 -2.73143 -1.439488 -1.207089 -1.224337 -3.725977 0.25635 3.417385 3.390481 -3.863933 2.477482 -1.294245 -2.910432 0.17872 -0.3817306 1.273158 -1.967753 2.469715 -3.147225 2.035455 -2.848619 -3.686164 -0.4628396 -2.309992 2.647676 -0.8868127 -3.823432 2.492452 -0.3451409 -1.280542 1.206038 -0.3907781 2.353661 0.7340989 2.879492 -0.9156556 0.7042432 
 fitness= 
72.80003
3.893787 2.598929 0.5706611 -3.718767 -3.556158 1.700216 -2.616753 3.837513 2.91984 -3.286648 -0.07610559 -0.2836518 3.734362 1.214506 1.413421 0.8519111 3.780704 2.963961 2.151231 -2.409822 3.598905 2.144574 -1.718494 -0.535089 1.417209 -2.925334 -2.032671 -1.765052 -3.538462 1.673279 -3.289766 -1.439488 -1.207089 -1.224337 -3.725977 0.25635 2.927001 3.390481 -3.863933 2.477482 1.671673 -2.910432 2.324779 -0.3817306 1.273158 -1.967753 0.9209991 -3.147225 2.035455 -2.848619 -3.686164 -1.66009 -2.432251 2.647676 -3.491065 -3.823432 2.492452 -0.3451409 -1.318447 1.545505 -0.3907781 2.353661 0.7340989 2.879492 -0.9156556 0.9357934 
 fitness= 
69.60008
3.893787 2.598929 0.5706611 -3.718767 -3.556158 1.700216 -2.616753 1.99183 2.91984 -3.286648 -0.07610559 -0.2836518 3.734362 1.214506 1.413421 0.8519111 3.780704 2.963961 2.151231 -2.409822 3.598905 2.144574 -1.718494 -0.535089 1.417209 -2.925334 -2.032671 0.5969481 -3.538462 1.673279 -3.289766 -1.439488 -1.207089 -1.224337 -3.725977 0.25635 2.927001 3.390481 -3.863933 2.477482 1.671673 -2.910432 3.462785 -0.3817306 1.034909 -1.967753 0.9209991 1.599184 -1.960648 1.587871 -3.686164 -3.288035 -2.432251 2.647676 -0.8868127 -3.823432 2.492452 -0.3451409 -1.318447 1.206038 -0.3907781 2.353661 0.7340989 2.879492 -0.9156556 0.9357934 
 fitness= 
67.40012
3.893787 2.598929 0.5706611 -3.718767 -3.556158 -3.367189 -2.616753 3.837513 2.91984 -3.286648 -0.05941343 -3.090668 -2.936662 1.214506 1.413421 0.8519111 3.780704 0.6789699 2.151231 -1.79256 3.598905 2.144574 -1.718494 -0.535089 -3.428905 -2.925334 -2.032671 -1.765052 -3.538462 1.673279 -3.289766 -1.439488 -1.207089 -3.170238 -3.725977 0.25635 2.927001 3.390481 -3.863933 2.477482 -1.294245 -2.910432 0.17872 -0.3817306 1.034909 -1.967753 2.469715 -2.5871 2.035455 1.587871 -3.686164 -3.288035 -2.432251 2.647676 -3.491065 -3.823432 2.492452 -0.3451409 -1.318447 1.206038 -0.3907781 2.353661 0.7340989 2.879492 -0.9156556 0.9357934 
 fitness= 
45.8001
3.893787 2.598929 -0.4034076 -3.718767 -3.556158 -3.367189 -2.616753 3.837513 2.91984 3.217621 -1.577314 -3.090668 -2.936662 1.214506 1.413421 0.8519111 3.780704 2.963961 2.151231 -2.409822 3.598905 -2.122327 -1.718494 -0.535089 -3.428905 -2.925334 -2.032671 -1.765052 -3.538462 -0.08320284 -3.289766 -1.439488 -1.207089 2.998484 -3.725977 2.161947 2.927001 3.390481 -3.863933 2.477482 1.671673 2.539057 0.17872 -0.3817306 1.332249 -1.967753 2.469715 -3.147225 2.035455 1.587871 -3.686164 -3.288035 -2.432251 2.647676 -3.491065 -3.823432 2.492452 -0.3451409 -1.318447 1.206038 -0.3907781 2.353661 0.7340989 2.879492 -0.9156556 0.9357934 
 fitness= 
28.80004
3.893787 2.598929 0.5706611 -3.718767 -3.556158 -3.367189 -2.616753 3.837513 -2.557819 -3.286648 -1.577314 -3.090668 3.734362 1.214506 1.413421 0.8519111 0.915998 -2.868327 2.151231 -1.79256 3.598905 2.144574 -1.718494 -0.535089 -3.428905 -2.925334 1.041968 -1.765052 -3.538462 1.673279 -3.289766 -1.439488 -1.207089 2.998484 -3.725977 0.25635 2.927001 3.390481 -3.863933 2.477482 1.671673 2.539057 0.17872 -0.3817306 1.034909 -2.627847 2.469715 -3.147225 2.035455 1.587871 -3.686164 -3.288035 -2.432251 2.647676 -3.491065 -3.823432 2.492452 -0.3451409 -1.318447 1.206038 -0.3907781 2.353661 0.7340989 2.879492 -0.9156556 0.1753964 
 fitness= 
27.00003
3.893787 2.598929 0.5706611 -3.718767 -3.556158 3.318272 -2.616753 3.837513 -1.398126 -3.286648 -0.05941343 -0.2836518 3.734362 1.214506 1.413421 0.8519111 3.780704 0.6789699 2.151231 -2.409822 3.598905 2.144574 -1.718494 -0.535089 1.417209 -2.925334 -2.032671 0.5969481 -3.538462 1.673279 -2.73143 -1.439488 -1.207089 2.998484 -3.725977 0.25635 2.927001 3.390481 -3.863933 2.477482 1.671673 -2.910432 3.462785 -0.3817306 1.273158 -1.967753 0.9209991 -3.147225 2.035455 -2.848619 -3.686164 -1.66009 -2.432251 2.647676 -0.8868127 -3.823432 2.492452 -0.3451409 -1.280542 1.545505 -0.07648993 2.353661 0.7340989 2.879492 -0.9156556 -0.5206571 
 fitness= 
3.800001
