0.6964669 2.57326 -3.43078 3.183434 0.6100116 0.9553208 -0.8579707 0.1378407 3.047091 1.006854 3.087626 -1.134516 -3.788936 2.829969 1.468634 2.518166 -1.765122 2.493654 -3.086021 -1.696369 1.920675 1.632583 2.940557 3.828362 -2.629098 0.2624125 -0.09545374 -1.551414 -3.656078 -1.450845 0.491631 -3.947352 0.4050202 1.245441 -0.1515079 3.691304 2.062668 -2.327269 3.580149 3.607942 0.0156455 -0.07335424 -0.6608987 0.4837165 0.008197308 0.01037931 -3.945702 -2.895729 -3.797893 -1.593638 -1.817138 1.259999 -1.194321 -3.32505 0.1241317 3.574259 -0.860148 1.721889 1.5413 1.314502 1.243723 -2.727493 2.692551 1.909009 0.2727389 -0.308619 
 fitness= 46.40844
0.6964669 1.340193 -3.43078 3.120581 0.7829328 0.9553208 -0.4784484 3.799125 -1.118071 1.006854 -3.75713 -0.6296506 0.1383157 -2.937047 1.468634 1.405341 2.387042 0.5642076 1.899997 -1.527517 -1.695923 -1.658199 -3.144141 3.828362 -0.5581241 3.625704 1.193144 -3.675031 -3.656078 -0.9448161 3.18117 1.294053 3.834956 -3.058117 0.6948247 -0.4964366 0.2169271 -0.3015103 3.580149 -2.727593 -2.668509 -1.571849 -3.523846 0.6269078 2.057786 -1.265517 -3.945702 3.726387 -1.795723 -3.61368 3.645574 1.259999 -3.709471 1.10743 -0.05794477 2.235931 -3.292213 -3.06764 1.5413 2.138603 3.537836 -0.2662921 3.241193 -1.745615 0.2727389 -0.308619 
 fitness= 46.13836
-3.330048 -1.459223 2.600369 3.120581 -3.414762 0.9553208 0.6109977 -1.618605 -0.1506505 1.006854 -0.9379783 3.741416 0.1383157 -2.937047 1.468634 1.641113 2.387042 0.5642076 1.899997 -1.527517 -1.695923 -1.961061 2.940557 3.828362 -2.629098 3.625704 -3.297029 -3.675031 -1.633258 -0.01548147 0.03601217 -3.162602 3.834956 -1.636288 -2.167864 -0.4964366 -3.159945 -0.3015103 0.643271 -2.727593 -1.025168 -1.571849 -3.101481 1.373935 0.008197308 -1.769997 -3.945702 3.726387 -1.795723 -0.6351075 -0.05725241 1.478144 0.4260364 1.10743 -0.05794477 3.609511 1.096187 -3.06764 1.5413 2.138603 2.089718 -0.2662921 3.241193 1.573612 0.2727389 -0.308619 
 fitness= 45.98594
-2.164945 0.9690719 -3.43078 -0.7131085 -0.5931592 0.9553208 1.356581 -1.674948 3.261168 -3.804093 -2.647173 -0.4460645 -3.433352 -2.937047 1.714668 -0.4994426 3.057798 2.122902 -0.1853147 1.215266 1.920675 -0.5084186 2.940557 2.378901 3.941292 3.625704 1.202211 -3.694433 -0.2515445 1.77474 1.404403 -2.482897 1.272615 1.245441 -0.1218762 3.919124 2.578892 -2.327269 -0.5413594 0.02851725 0.0156455 -0.03725958 -1.81195 0.6269078 0.4274707 -0.2063031 -3.945702 -1.305707 -1.795723 -0.6793456 -2.834129 1.805032 -2.100121 -1.866642 -0.05794477 1.132226 1.314169 -3.729351 2.609316 -3.490377 1.243723 1.62205 -0.7458453 -3.904218 0.2727389 0.2197433 
 fitness= 45.86386
-2.164945 0.9690719 3.272744 -1.489974 0.8843236 0.9553208 0.7907624 -1.674948 3.261168 -0.6360545 -2.647173 -0.4460645 -3.433352 -2.937047 1.29578 2.394511 3.057798 -3.450738 0.40095 1.215266 1.920675 -0.5084186 2.940557 -2.751633 3.941292 3.625704 2.451098 -3.694433 -0.2515445 1.77474 0.8982272 -2.482897 1.272615 1.245441 -1.084355 3.919124 2.062668 -2.327269 -0.5413594 0.02851725 0.0156455 -0.03725958 -1.81195 0.6269078 -1.194104 -0.2063031 -3.945702 -1.305707 -1.795723 -2.961831 -2.834129 1.805032 -3.333448 -1.866642 -0.04894304 1.132226 1.314169 -3.729351 2.609316 -3.490377 1.243723 1.62205 -1.037536 -3.904218 0.2727389 -0.308619 
 fitness= 45.71672
-2.164945 -1.245964 3.272744 2.55325 0.8843236 0.9553208 1.356581 -1.674948 3.261168 -0.6360545 -2.647173 -0.4460645 -3.433352 -2.937047 -3.645346 2.394511 3.057798 -3.450738 0.40095 1.215266 1.920675 -0.5084186 2.940557 2.378901 3.941292 3.625704 1.202211 -3.694433 -0.2515445 1.77474 0.8982272 -2.482897 1.272615 1.245441 -0.1218762 3.919124 2.062668 -2.327269 -1.355603 0.02851725 0.0156455 -0.03725958 -1.81195 0.6269078 -1.194104 -0.2063031 -3.945702 -1.305707 -1.795723 -3.348003 -2.834129 1.805032 -3.333448 -2.98973 -0.04894304 1.132226 1.314169 0.6959033 2.609316 -3.490377 1.243723 1.62205 2.085808 -3.246954 0.2727389 -0.308619 
 fitness= 45.71573
0.6964669 -0.4254136 -3.43078 3.183434 1.9067 0.9553208 -0.8579707 -2.865407 3.047091 1.006854 3.087626 -1.134516 2.228334 2.829969 1.468634 2.518166 -1.765122 2.493654 -3.086021 -1.696369 1.920675 -1.247241 2.940557 3.828362 -2.629098 0.2624125 1.567504 -1.551414 -3.656078 0.7817063 0.491631 -3.947352 0.4050202 1.245441 -0.1515079 3.691304 2.062668 -2.327269 3.580149 3.607942 0.0156455 -0.07335424 -0.6608987 0.4837165 0.008197308 0.01037931 -3.945702 -2.895729 -3.797893 -1.593638 -1.817138 1.259999 -2.273921 -3.32505 0.1241317 3.574259 3.821422 1.721889 1.5413 1.314502 1.243723 -2.727493 -1.721823 1.909009 0.2727389 -0.308619 
 fitness= 45.53991
-3.330048 -1.459223 2.600369 3.120581 -3.414762 0.9553208 0.6109977 -1.618605 -1.118071 -0.5244222 -0.9379783 3.741416 0.1383157 -2.937047 1.468634 1.641113 2.387042 0.5642076 1.899997 -1.527517 -1.695923 -1.961061 2.940557 3.828362 3.988677 3.625704 -3.297029 -3.675031 -3.656078 -0.01548147 -3.3088 -3.162602 3.834956 -1.636288 -0.1218762 -0.4964366 -3.159945 -2.195013 0.643271 -2.727593 -2.668509 -1.571849 -1.170263 0.6269078 0.008197308 -1.769997 -3.945702 3.726387 -1.795723 -0.6351075 -3.619732 1.478144 0.4260364 -1.119043 -0.05794477 3.609511 -0.860148 -3.06764 1.5413 2.138603 2.089718 -0.2662921 3.241193 1.573612 0.2727389 -1.002139 
 fitness= 36.21802
-2.164945 0.9690719 -3.43078 -0.7131085 -0.5931592 0.9553208 1.356581 -1.674948 3.261168 -0.6360545 -2.647173 -0.4460645 -3.433352 1.980567 1.29578 -0.4994426 3.057798 2.122902 -0.02017736 1.215266 1.920675 -0.5084186 2.940557 2.378901 3.941292 1.013621 1.202211 -3.694433 -0.2515445 1.77474 -1.726762 -2.482897 1.272615 1.245441 -0.1218762 3.919124 2.578892 -2.327269 -0.5413594 -2.630991 0.0156455 -0.7174544 -1.81195 0.6269078 0.4274707 -0.2063031 -3.945702 -1.305707 -1.795723 -0.6793456 -2.834129 1.805032 -2.100121 -1.866642 -0.05794477 1.132226 1.314169 -3.729351 2.609316 -3.490377 1.243723 1.62205 2.085808 -3.904218 0.2727389 -1.566106 
 fitness= 12.83311
-3.330048 -1.459223 2.600369 3.120581 -3.414762 0.9553208 0.6109977 -1.618605 -1.118071 -3.025024 -3.100173 3.741416 0.1383157 -2.937047 1.468634 1.641113 2.387042 0.5642076 1.899997 -1.527517 -1.695923 -1.961061 2.940557 3.828362 -2.629098 3.625704 -3.297029 -3.675031 -3.656078 -0.01548147 -3.3088 3.467609 3.834956 -1.636288 -0.1218762 -0.4964366 -3.159945 -0.3015103 0.643271 -2.727593 -2.668509 -1.571849 -3.101481 0.6269078 0.008197308 -1.769997 -3.945702 -2.50061 -1.795723 -0.6351075 -3.619732 1.478144 0.4260364 1.10743 -0.05794477 -3.124014 -0.860148 -3.06764 1.5413 2.138603 2.089718 -0.2662921 3.241193 1.573612 -2.110808 -0.308619 
 fitness= 4.025579
