1.309834 -3.914223 -3.330981 -3.994222 3.243151 0.07408094 3.718831 -3.508545 2.509154 -3.134804 3.528523 0.59479 -2.442584 1.769665 0.6758637 3.466505 0.6386809 -0.723433 -1.464759 -0.250154 2.505017 0.9198165 -1.11376 3.248756 0.005047321 1.528991 3.742568 -3.38172 0.514606 -0.8055472 1.578034 3.138599 -3.827418 3.921756 0.6696515 3.377586 2.409405 0.301291 -1.403904 1.29078 2.843832 -2.701926 -3.282714 -3.404432 -2.036771 2.92574 -2.835147 1.946151 -2.174816 0.5806022 -2.281398 1.534612 -0.4468942 0.6335721 2.108282 1.80478 -2.125605 3.772505 -1.833112 2.113898 1.922933 -2.847976 -0.3717465 3.938365 -1.456042 0.3274665 
 fitness= 
206.8269
1.309834 -3.914223 -3.916368 -3.994222 3.243151 0.07408094 3.718831 0.3623357 2.509154 -3.134804 -3.543082 0.59479 -2.442584 -2.748268 0.6758637 3.466505 0.6386809 -0.723433 -1.464759 -0.250154 2.505017 0.9198165 -3.2769 3.248756 0.005047321 1.528991 3.742568 -3.38172 0.514606 -0.8055472 1.578034 3.138599 -3.827418 3.921756 0.6696515 3.377586 2.409405 0.301291 -1.403904 -1.061911 2.843832 -2.701926 -3.282714 -3.404432 -1.617124 3.948853 -2.835147 -2.590279 -3.128608 0.2546344 -2.281398 0.1697583 -0.4468942 0.6335721 2.108282 1.80478 -2.125605 3.772505 -1.667742 2.113898 1.922933 -2.847976 -0.3717465 3.938365 -1.456042 0.3274665 
 fitness= 
204.4625
-0.8759141 -3.914223 -0.2412438 -3.994222 3.243151 0.07408094 3.718831 0.3623357 -1.751679 2.504514 3.528523 -0.3653817 -2.442584 -2.748268 -0.805469 3.466505 0.6386809 -0.723433 -1.464759 -0.5560184 2.505017 1.052203 -3.2769 3.248756 2.276993 1.528991 1.585701 -3.38172 -0.5444055 1.561875 0.9493423 -2.088865 -3.827418 3.921756 0.6696515 -3.468521 2.409405 0.301291 -1.403904 -1.061911 2.843832 -1.794019 -3.282714 -3.404432 2.239891 2.92574 -2.835147 1.946151 -3.128608 0.5806022 -2.281398 0.1697583 -0.4468942 2.356738 2.404668 1.80478 -2.125605 1.881448 -1.667742 2.113898 3.014369 -2.847976 -0.3717465 3.938365 -1.456042 0.3274665 
 fitness= 
203.4467
-0.8759141 -3.914223 -3.662718 -3.994222 3.243151 0.07408094 3.718831 0.3623357 -1.751679 2.504514 3.528523 -0.3653817 -2.442584 -2.748268 -0.805469 3.466505 0.6386809 -0.723433 -0.4976344 -0.5560184 2.505017 1.052203 -3.2769 3.248756 2.276993 1.528991 0.2237611 -3.38172 0.514606 1.561875 0.9493423 -2.088865 -3.827418 3.921756 0.6696515 -3.468521 2.409405 0.301291 -1.403904 -1.061911 2.843832 -1.794019 -3.282714 -3.404432 -1.617124 2.92574 -2.835147 1.946151 -3.128608 0.5806022 -2.281398 0.1697583 -0.4468942 2.356738 2.108282 1.80478 -2.125605 1.881448 -1.667742 2.113898 3.014369 -2.847976 -0.3717465 3.938365 -3.653496 0.3274665 
 fitness= 
202.3261
-0.8759141 -3.914223 -0.2412438 -3.994222 3.243151 0.07408094 3.718831 0.3623357 -1.751679 2.504514 3.528523 -0.3653817 -2.442584 -2.748268 -0.805469 3.466505 0.6386809 -0.723433 -1.464759 -0.5560184 2.505017 0.9198165 -3.2769 2.997691 -2.78973 1.528991 1.585701 -3.38172 0.514606 1.561875 0.9493423 -2.088865 -3.827418 3.921756 0.6696515 -3.468521 2.409405 0.301291 -1.403904 -1.061911 2.843832 -1.794019 -3.282714 -3.404432 2.690524 2.92574 -2.835147 1.946151 -3.128608 0.5806022 -2.281398 0.1697583 -0.4468942 2.356738 2.108282 1.80478 -2.125605 1.881448 -1.667742 2.113898 3.014369 -2.847976 -0.3717465 3.938365 0.4143453 0.3274665 
 fitness= 
202.0925
1.309834 -3.914223 -3.662718 -3.994222 3.243151 3.57303 3.718831 0.3623357 2.509154 -3.134804 3.528523 0.59479 -2.442584 -2.748268 0.6758637 3.466505 0.6386809 -0.723433 -1.464759 -0.250154 2.505017 0.9198165 -3.2769 3.248756 2.978456 1.528991 -2.977488 -3.38172 0.514606 1.561875 0.9493423 3.138599 -3.827418 3.921756 0.6696515 3.377586 -2.391093 0.301291 -1.403904 1.29078 2.843832 -2.701926 -3.282714 -3.404432 -2.036771 2.92574 -2.835147 -2.590279 -3.128608 0.8164191 -2.281398 0.1697583 -0.4468942 2.356738 2.108282 1.80478 -2.125605 3.772505 -1.667742 2.113898 1.922933 -2.847976 -0.3717465 3.938365 -1.456042 0.3274665 
 fitness= 
200.9503
-0.8759141 -3.914223 -0.2412438 -3.994222 3.243151 0.07408094 3.718831 0.3623357 2.509154 -3.134804 3.528523 0.59479 -2.442584 -2.748268 0.6758637 3.466505 0.6386809 -0.723433 -1.464759 -0.250154 2.505017 0.9198165 -3.2769 3.248756 0.005047321 1.528991 3.742568 -3.38172 0.514606 -0.8055472 1.578034 3.138599 0.8003335 3.921756 0.6696515 -3.468521 2.409405 0.301291 -1.403904 -0.3230386 2.843832 -2.701926 -2.193742 -3.404432 -2.036771 2.92574 -2.835147 -2.590279 -3.128608 0.5806022 -2.281398 0.1697583 -0.4468942 2.356738 2.108282 1.80478 -2.125605 3.772505 -1.667742 2.113898 1.922933 -2.847976 -0.3717465 3.938365 -1.456042 0.3274665 
 fitness= 
199.7836
-3.795829 -3.914223 -0.2412438 -3.994222 3.243151 0.07408094 -0.9539886 3.616942 0.2465682 -3.134804 3.528523 0.59479 -2.442584 1.769665 -0.805469 3.466505 0.6386809 -0.723433 -1.464759 -0.250154 2.505017 0.9198165 -1.11376 3.248756 0.005047321 1.528991 3.742568 -3.38172 0.514606 -0.8055472 1.578034 3.138599 -3.827418 3.921756 0.6696515 -3.468521 2.409405 0.301291 -0.00214529 -1.061911 2.843832 -0.9855256 -3.282714 -3.404432 -2.036771 2.433229 -3.940581 1.946151 -2.174816 0.5806022 -2.281398 0.1697583 -0.4468942 2.356738 2.108282 1.80478 -2.125605 -0.539103 -1.667742 2.113898 1.922933 -2.847976 -0.3717465 3.938365 -1.456042 0.3274665 
 fitness= 
170.9292
-0.8759141 -3.914223 -0.2412438 -3.994222 3.243151 0.07408094 3.718831 3.616942 -1.751679 -3.134804 3.528523 -0.3653817 -2.442584 -2.748268 -0.805469 3.466505 0.6386809 -0.723433 -1.464759 -0.5560184 2.505017 0.9198165 -3.2769 3.248756 -0.9626689 1.528991 3.742568 -3.38172 0.514606 1.561875 0.9493423 3.138599 1.148138 3.921756 0.6696515 -3.468521 2.409405 0.301291 -1.403904 -1.061911 2.843832 -2.701926 -3.282714 -3.404432 -1.617124 2.92574 -2.835147 1.946151 -2.174816 0.5806022 -2.281398 0.1697583 1.201393 0.6335721 2.108282 1.80478 -2.125605 1.881448 -1.667742 2.113898 1.922933 2.156305 -0.3717465 3.938365 -1.456042 0.3274665 
 fitness= 
45.4239
1.309834 -3.914223 -0.2412438 -3.994222 3.243151 0.07408094 2.72667 0.3623357 3.816586 -3.134804 -3.543082 0.59479 -2.442584 -2.748268 0.6758637 3.466505 0.6386809 -0.723433 -1.464759 -0.250154 2.505017 1.052203 -3.2769 3.248756 2.276993 1.528991 3.742568 -3.38172 0.514606 1.561875 1.578034 3.138599 -3.827418 3.921756 0.6696515 3.377586 2.409405 0.301291 -1.403904 1.29078 2.843832 -2.701926 -3.282714 -3.404432 -2.036771 2.92574 -2.835147 -2.590279 -3.128608 0.5806022 -2.281398 0.1697583 -0.4468942 0.6335721 2.108282 1.80478 -2.125605 3.772505 2.802801 3.686177 1.922933 -2.847976 -0.3717465 3.938365 -1.456042 0.3274665 
 fitness= 
42.14389
