0.8106093 3.588396 -3.01651 -0.9307628 2.570676 -3.673939 1.954411 2.11043 3.056309 0.006243229 -1.638543 -3.103836 3.251236 2.235792 2.368149 2.668272 2.080256 -2.035428 2.245032 -3.595252 -0.401834 3.878808 3.470911 1.225658 3.351542 2.23099 0.561379 3.68399 0.8858924 -0.633306 -0.144114 1.198431 -1.487351 -0.4127774 0.4905143 0.9977098 -2.142486 0.656055 0.7001204 -2.363115 2.213329 -0.3995376 2.695938 0.114327 0.8496003 3.744914 -0.4122529 0.5686812 0.04552889 1.601013 1.767219 1.379845 -2.749655 3.669857 1.400741 1.734636 0.7190328 -3.572503 -3.103287 1.658837 2.056797 0.3159938 -0.1328578 -3.426989 0.4585061 -0.1770215 
 fitness= 
46.29082
0.8106093 3.359666 -2.275128 2.09674 3.266861 -1.347433 -2.08616 -0.7639108 -0.8785701 0.006243229 0.5958686 -1.169959 3.251236 2.235792 1.484798 -2.137009 -3.405167 -3.559798 -0.1635308 1.928017 -0.401834 -0.2866654 3.470911 1.225658 3.351542 1.022713 0.561379 -2.297627 0.8858924 -0.633306 -0.144114 1.198431 -3.03595 -3.793947 3.322757 0.9977098 -2.142486 -1.795496 3.335979 0.3349767 2.869561 -1.100726 -1.598854 -0.789927 0.8496003 2.435766 1.103388 0.5686812 0.04552889 -0.6161523 1.767219 0.9446425 0.5840793 -1.427926 -1.381927 1.398018 0.7190328 -3.572503 -3.103287 -3.171543 3.584594 0.02610159 -0.9374347 3.358482 0.4585061 -0.1770215 
 fitness= 
46.25622
-1.255161 3.39225 -3.01651 2.09674 3.266861 -1.997863 -3.144587 -0.2120471 3.056309 0.006243229 -1.638543 -3.103836 0.5034289 2.235792 0.1186576 2.668272 2.080256 -0.7151589 2.245032 -1.085488 -2.836158 3.878808 3.470911 -0.8747544 3.351542 3.091948 0.561379 2.357576 0.2511144 -0.633306 -0.144114 1.198431 -3.03595 -3.793947 0.4905143 0.9977098 -2.142486 -3.396848 0.7001204 -2.363115 2.869561 -0.4186091 -1.598854 0.114327 1.98219 3.800018 1.103388 -0.3831019 0.04552889 1.601013 1.767219 0.9446425 -2.749655 2.835914 2.206919 1.734636 0.7190328 -3.572503 -3.103287 -0.618751 2.056797 0.02610159 -0.9374347 -0.3981147 0.4585061 0.6437278 
 fitness= 
46.20562
3.59036 3.359666 -3.01651 2.09674 0.9324822 -1.347433 -2.08616 -0.7639108 3.116369 0.006243229 0.5958686 -3.103836 2.781349 2.235792 1.484798 0.07626295 -3.405167 -3.559798 2.245032 1.928017 -0.401834 -0.2866654 3.470911 -0.8747544 3.351542 3.091948 0.561379 2.369236 -1.74536 3.528264 -0.144114 1.198431 -3.03595 -3.793947 0.4905143 0.9977098 -2.142486 -1.795496 3.335979 -2.363115 2.869561 -1.100726 2.695938 -0.789927 1.413298 2.435766 1.103388 -0.3831019 3.077168 -0.6161523 2.92397 0.9446425 -2.749655 -1.427926 -1.381927 1.398018 0.7190328 3.939353 -3.103287 -0.618751 2.056797 0.02610159 0.4385581 0.9208283 0.4585061 -0.1770215 
 fitness= 
46.19897
0.8106093 3.359666 -3.01651 1.528583 1.852539 -3.673939 1.954411 2.11043 3.056309 0.006243229 -1.638543 -3.103836 -2.319985 2.235792 1.704905 0.07626295 2.080256 -3.559798 -0.1937881 1.928017 -0.401834 3.878808 3.470911 1.225658 3.351542 1.022713 0.561379 -3.807083 0.8858924 1.762855 -0.144114 1.890764 -3.03595 1.229787 0.4905143 3.704766 -2.142486 -1.795496 3.335979 -2.363115 -3.936613 3.006949 -1.598854 0.114327 0.8496003 3.800018 1.103388 -0.3831019 0.04552889 1.601013 1.767219 1.379845 0.5840793 0.2588429 1.610006 1.398018 0.7190328 -3.572503 -2.206736 1.658837 2.056797 -0.7552896 -0.9374347 -0.3981147 0.4585061 -0.1770215 
 fitness= 
46.15811
3.91327 3.359666 -3.01651 0.9204659 3.266861 -1.997863 1.954411 3.621746 3.056309 -0.3978906 0.5958686 -3.103836 2.781349 2.140091 1.704905 0.07626295 -3.405167 -3.559798 2.245032 1.928017 -0.401834 -0.2866654 3.470911 1.225658 3.351542 3.091948 0.561379 2.357576 0.2511144 1.762855 -0.144114 1.198431 3.565957 -3.793947 0.4905143 0.9977098 1.23129 -3.396848 3.335979 -2.363115 -0.02160406 3.006949 -2.740205 -0.789927 1.98219 3.800018 -0.8370852 -0.3831019 3.077168 1.601013 2.92397 1.379845 -2.749655 0.2588429 -1.381927 1.398018 0.7190328 -3.443964 -3.103287 -0.618751 2.056797 0.02610159 0.4385581 -0.3981147 0.4585061 -0.1770215 
 fitness= 
46.02188
-1.255161 -1.891754 1.196363 -0.9307628 3.266861 -1.997863 1.671103 0.7348199 3.056309 0.006243229 0.5958686 -3.103836 2.781349 0.7493625 0.1186576 0.07626295 -3.405167 -3.559798 2.245032 1.928017 -0.401834 -0.2866654 3.470911 -0.8747544 3.351542 3.061978 0.561379 2.357576 0.2511144 1.762855 -0.144114 1.198431 -3.03595 -0.5688748 0.4905143 0.9977098 -2.142486 -1.795496 0.7001204 -1.007055 2.869561 1.872468 2.695938 0.114327 -2.375042 3.800018 -0.4122529 -0.3831019 0.04552889 -0.6161523 2.92397 0.9446425 -2.749655 2.06996 1.610006 1.734636 0.7190328 -3.443964 0.8678336 1.658837 2.056797 0.02610159 0.4385581 -0.3981147 0.4585061 -0.1770215 
 fitness= 
46.01245
3.91327 3.359666 -3.01651 2.09674 3.266861 -1.347433 1.954411 3.621746 3.116369 0.006243229 1.095687 -3.103836 2.781349 2.235792 1.484798 0.07626295 -3.405167 -3.559798 2.245032 1.928017 -0.401834 -0.2866654 3.470911 3.440729 3.944214 3.091948 0.561379 2.369236 -1.74536 1.762855 -0.144114 -0.9149137 -3.03595 -3.793947 0.4905143 -0.4609904 -2.142486 -1.795496 -1.296019 0.3349767 -2.504824 -1.100726 0.8910794 -0.789927 -0.5892539 2.435766 1.103388 -0.3831019 3.077168 1.601013 1.07906 0.9446425 0.5840793 0.2588429 -1.381927 1.398018 -1.21115 -3.572503 2.196071 -3.171543 2.056797 0.02610159 0.4385581 -0.3981147 0.4585061 -0.1770215 
 fitness= 
45.77619
3.59036 -0.5828252 -3.01651 2.09674 -3.216514 -1.997863 1.671103 0.7736211 3.116369 0.006243229 0.5958686 -3.103836 3.251236 2.235792 1.484798 0.07626295 -3.405167 -0.9459682 2.245032 3.65823 -0.401834 -0.2866654 3.470911 3.355663 3.351542 3.061978 0.561379 2.369236 -1.74536 1.762855 -1.092759 1.198431 3.639213 1.229787 0.4905143 0.9977098 -2.142486 -1.795496 0.7001204 -2.363115 2.869561 3.813969 2.695938 1.294776 -2.375042 2.435766 -0.4122529 -0.3831019 0.04552889 -0.6161523 -0.7379079 1.379845 -2.749655 0.2588429 -1.381927 1.398018 -1.21115 -3.572503 0.8678336 -3.171543 2.056797 0.02610159 -0.9374347 -3.426989 0.4585061 -0.1770215 
 fitness= 
27.7772
