3.791321 2.598929 0.6587253 -3.718767 -3.556158 1.700216 -3.103936 -2.15212 -1.398126 -3.286648 -0.6364532 -3.090668 0.9841695 -2.389617 1.413421 -3.342368 3.780704 3.970574 2.151231 -2.409822 3.598905 -2.470726 -1.718494 -0.535089 -3.688273 0.5074601 -0.5986266 -3.602589 -3.538462 1.673279 -2.73143 -1.439488 -1.267962 -1.224337 2.827222 -1.856147 3.108459 1.838373 -1.160658 -2.251714 -2.706047 2.312492 -2.592593 -3.632186 1.034909 -2.627847 2.469715 -3.147225 -1.960648 -2.848619 -2.063468 -0.4628396 -3.660315 -2.117002 -0.8868127 -3.823432 -3.046064 -0.3451409 0.8332686 1.545505 1.870518 -0.8086238 0.7340989 2.879492 2.046723 0.9357934 
 fitness= 
184.5983
3.791321 2.598929 0.6587253 -3.718767 -3.556158 1.700216 -3.103936 -2.15212 -1.398126 -3.286648 -0.6364532 2.698773 0.9841695 -2.389617 1.413421 -3.342368 3.780704 -3.961299 2.151231 -1.974888 3.598905 2.144574 -1.419847 -0.535089 -3.688273 3.681065 -0.5986266 -3.602589 -3.538462 1.673279 -2.73143 -1.439488 -1.267962 -1.224337 2.827222 -1.856147 -0.7541127 1.838373 -1.160658 -1.224629 -2.706047 2.312492 -2.592593 -0.320291 -2.883735 -2.627847 2.469715 -2.041818 -1.960648 -2.848619 -2.063468 -0.4628396 -3.660315 -2.117002 -0.8868127 -3.823432 -3.046064 -0.3451409 1.434431 1.545505 -0.3907781 -0.8086238 0.7340989 2.879492 -0.9156556 0.9357934 
 fitness= 
99.19963
3.893787 -2.502167 -3.130921 -3.718767 -3.556158 1.700216 -2.616753 3.837513 -1.398126 3.192953 -0.05941343 -3.090668 3.734362 0.8112874 1.413421 0.8519111 3.780704 0.6789699 2.151231 -2.409822 3.598905 2.144574 -1.718494 -1.181754 1.417209 -2.925334 1.041968 1.664167 -3.538462 1.673279 -3.289766 -1.439488 -1.207089 2.998484 3.585136 0.25635 2.927001 3.390481 1.052467 2.477482 3.225719 2.312492 1.249223 -2.988444 1.034909 -1.967753 2.469715 -3.147225 -1.960648 -2.848619 -3.101741 2.692506 -2.432251 2.647676 -3.491065 -3.823432 -3.046064 2.553184 0.2705569 1.206038 -0.3907781 2.353661 0.7340989 2.879492 -0.9156556 0.9357934 
 fitness= 
72.00005
3.791321 -2.502167 -3.130921 -3.718767 -3.556158 -1.351346 -2.616753 3.837513 0.9391742 -3.286648 -0.05941343 -3.090668 3.734362 0.8112874 1.413421 -2.614118 -3.379199 0.6789699 2.151231 -2.610169 3.598905 2.144574 -1.718494 -1.181754 1.417209 -2.925334 1.041968 -3.602589 -3.538462 1.673279 -3.289766 -1.439488 -1.207089 -3.08795 3.585136 0.25635 2.927001 3.422248 -1.160658 -2.251714 -2.706047 -2.910432 -0.7814488 -0.3817306 1.034909 2.48668 2.469715 -2.743408 -1.960648 -2.848619 -3.101741 2.692506 -2.432251 1.600362 -3.491065 -1.212247 -3.046064 -1.423546 -3.480367 1.206038 1.870518 -0.8086238 0.7340989 2.879492 -0.9156556 0.9357934 
 fitness= 
48.80011
3.791321 -2.502167 0.6587253 -3.718767 -3.556158 1.700216 -3.103936 -2.15212 -1.398126 -3.286648 -0.6364532 -3.090668 3.734362 -1.176822 1.413421 -3.342368 3.780704 2.328707 2.151231 -1.974888 3.598905 2.144574 -1.718494 -0.535089 -3.688273 0.5074601 -0.5986266 -3.602589 -3.538462 1.673279 -2.73143 1.96565 -1.267962 -1.224337 2.827222 -1.856147 3.108459 1.838373 -1.160658 -2.251714 -2.706047 2.312492 -2.592593 -0.320291 1.034909 -2.627847 2.469715 -3.147225 0.5495982 -2.848619 -2.063468 -0.4628396 -3.660315 -2.117002 -0.8868127 -3.823432 -3.046064 3.257583 1.434431 -0.309381 -0.3907781 -0.8086238 0.7340989 -3.364272 2.046723 0.9357934 
 fitness= 
46.4001
3.791321 -2.502167 -3.130921 -3.718767 -3.556158 1.700216 -2.616753 3.837513 -1.398126 3.192953 -0.05941343 -3.090668 3.734362 0.8112874 1.413421 -3.342368 -1.056326 0.6789699 2.151231 -2.610169 3.598905 2.144574 -1.718494 -1.181754 1.417209 -2.925334 1.041968 -3.602589 -3.538462 1.673279 -3.289766 -1.439488 -1.207089 2.998484 -3.52182 0.25635 2.927001 3.390481 1.052467 -2.251714 3.597017 -2.990423 1.249223 2.795485 1.034909 2.48668 2.469715 -3.147225 -1.515716 -2.848619 -3.101741 2.692506 -2.432251 1.600362 -3.491065 -1.212247 -3.046064 1.955508 0.2705569 1.206038 -0.3907781 2.093328 0.7340989 2.879492 -0.9156556 0.9357934 
 fitness= 
31.60005
3.791321 -2.451099 0.4738917 0.9035745 -3.556158 1.700216 -2.616753 1.657758 -1.398126 -3.286648 -0.05941343 -3.090668 -0.6021037 0.8112874 1.413421 0.8519111 -2.81214 2.791407 2.151231 -3.047518 3.598905 2.144574 -1.718494 -1.181754 1.417209 2.194752 1.041968 -3.602589 -3.538462 1.673279 -3.289766 -1.439488 -1.267962 -1.224337 -2.403659 0.25635 2.927001 3.390481 -1.160658 -2.251714 -2.706047 2.312492 -2.592593 2.994243 -2.395889 2.48668 0.1168942 -2.743408 -1.960648 -2.20452 -3.280159 -0.4628396 -2.432251 2.647676 1.189673 -3.823432 -3.046064 -1.423546 -1.647903 1.206038 1.870518 -0.8086238 0.7340989 2.879492 -0.9156556 0.9357934 
 fitness= 
29.80004
3.791321 2.598929 0.6587253 -3.718767 -3.556158 1.700216 -3.103936 3.837513 -1.398126 -2.787549 -0.6364532 3.728817 0.9841695 0.8112874 1.413421 -3.342368 3.780704 2.328707 2.151231 -1.974888 3.598905 2.144574 -1.718494 -0.535089 -3.688273 -2.925334 -0.5986266 -3.602589 -3.538462 1.016066 -2.73143 -1.439488 -1.267962 -3.641795 2.827222 0.25635 2.927001 1.838373 -1.160658 -2.251714 -2.706047 2.312492 -2.592593 -0.320291 1.034909 2.48668 2.469715 -3.147225 -1.960648 1.511892 -2.063468 -0.4628396 -3.660315 -2.117002 -0.8868127 -3.823432 -3.046064 -0.3451409 0.2705569 -1.98234 -0.3907781 -0.8086238 0.7340989 2.879492 2.046723 0.9357934 
 fitness= 
29.00004
3.791321 2.598929 0.6587253 -3.718767 -3.556158 1.700216 -2.616753 -2.15212 -1.398126 -3.286648 -0.05941343 0.277451 0.9841695 1.48618 1.413421 0.8519111 -2.81214 2.791407 2.151231 -1.974888 3.598905 2.144574 -1.718494 -2.599559 1.417209 0.5074601 -0.5986266 -3.602589 -3.538462 1.673279 -2.985348 -1.439488 -1.267962 -1.224337 2.827222 3.11073 3.108459 1.838373 -1.160658 -2.251714 0.8990827 2.312492 -2.592593 -0.320291 1.034909 -2.543145 2.469715 -3.147225 -1.960648 -2.848619 2.534841 -0.4628396 -3.660315 -2.117002 -0.8868127 -3.823432 -3.046064 1.678708 1.434431 1.206038 -0.3907781 -0.8086238 0.7340989 2.879492 -0.9156556 0.9357934 
 fitness= 
25.40002
3.791321 2.598929 0.6587253 0.9035745 -3.556158 1.700216 -3.103936 -2.15212 -1.398126 -3.286648 -0.05941343 1.236808 -0.1233659 -2.389617 1.413421 3.267828 3.780704 2.328707 2.151231 -2.620806 3.598905 2.144574 -1.718494 -0.535089 -3.688273 0.5074601 -0.5986266 -3.602589 -3.538462 1.673279 -2.73143 -1.439488 -1.207089 -1.224337 2.827222 -1.856147 2.927001 1.838373 2.099724 -2.251714 -2.706047 2.312492 -2.592593 -0.320291 1.034909 -2.627847 2.469715 -3.147225 -1.960648 -1.655884 -2.063468 -0.4628396 -3.660315 -2.117002 -0.8868127 -3.823432 -3.046064 -0.3451409 1.434431 1.206038 -0.3907781 -0.8086238 0.7340989 2.879492 2.046723 0.9357934 
 fitness= 
19
3.791321 -2.502167 -3.130921 3.856731 -3.556158 1.700216 -2.616753 3.837513 0.4870639 3.192953 -0.05941343 -3.090668 3.734362 0.1962619 1.413421 -3.342368 3.780704 0.6789699 2.151231 -2.610169 3.598905 2.144574 -1.718494 -1.181754 1.417209 3.681065 1.041968 -3.602589 -3.538462 1.016066 -3.289766 -1.439488 -1.207089 -2.160337 3.585136 0.25635 -2.524414 2.311702 1.052467 -2.251714 -2.706047 -2.990423 1.249223 -0.320291 1.034909 2.48668 2.469715 -0.04972506 -1.515716 -2.848619 -2.063468 2.692506 0.969461 1.600362 -3.491065 -1.212247 -3.046064 -0.3451409 0.2705569 1.206038 -0.3907781 -0.8086238 0.7340989 2.879492 -0.9156556 0.9357934 
 fitness= 
6.199998
3.791321 -2.502167 3.268262 -3.718767 -3.556158 1.700216 -2.616753 3.837513 -1.398126 3.192953 -0.05941343 -3.090668 3.734362 0.8112874 1.413421 -2.614118 3.780704 0.6789699 2.151231 -2.610169 3.598905 2.144574 -1.718494 -1.181754 1.417209 -2.925334 1.041968 -3.602589 -3.538462 1.016066 -3.289766 -1.439488 -1.267962 2.998484 3.585136 0.25635 2.927001 3.390481 1.052467 -2.251714 3.225719 -2.990423 1.249223 2.795485 1.034909 2.48668 2.469715 -3.147225 -1.960648 2.145878 -3.280159 2.692506 -2.432251 2.647676 1.189673 -1.212247 -3.046064 -0.3451409 0.8332686 1.206038 -0.3907781 2.093328 0.7340989 2.879492 -0.9156556 0.9357934 
 fitness= 
3.200001
