-1.12987 -3.944605 3.588888 -1.567789 -1.74007 1.281032 2.792152 -0.7478318 -1.984676 -2.241185 2.166593 -3.010691 -2.811834 -2.666664 -2.238515 3.902876 -2.454898 0.9727979 -0.9345489 -2.350204 1.370203 1.848023 -1.882288 -1.67311 0.9151444 0.2426772 2.069591 -2.665303 3.905324 -2.16932 -1.904415 3.146605 -1.806962 -3.363578 -1.805423 -1.403403 0.02991724 2.8726 -3.640137 -0.8484368 1.364194 0.4781775 3.087693 3.540513 -1.794976 -2.101113 -3.133785 -2.865319 -3.291647 -0.4656806 -0.9936728 0.8558078 3.036731 -3.197474 3.180741 -3.367566 -3.790725 -0.08774137 -2.580376 2.893624 -1.639921 -0.4830422 0.4089007 1.162293 -1.63045 3.538764 
 fitness= 
96.39967
-3.773548 -2.030017 -2.646156 -3.600751 -2.251229 2.102924 -0.1172853 -2.038085 2.058885 -3.930568 -2.843418 0.6719861 -3.260121 2.159039 -0.193212 -2.608492 2.682845 1.076267 -2.062855 -2.638896 -0.04517889 1.433794 -3.121126 0.6096063 1.50361 -1.549471 -3.176591 0.8592792 3.645344 -0.4617352 -2.674133 2.74563 2.176342 -3.04654 -0.7010961 -3.067748 3.97158 -1.547721 0.52982 3.707331 -0.2597995 -3.751442 -3.831023 -2.448786 -2.816306 3.256835 3.004024 3.650304 -1.383532 0.1265054 3.419617 -0.4224648 -1.01076 -2.631177 3.83651 3.448792 3.512422 3.999105 1.522782 -2.277293 3.42403 3.005062 -1.219422 -3.79567 2.888936 0.6969543 
 fitness= 
37.20007
3.51544 -0.6436305 1.650129 -3.1359 0.6887431 3.564158 -3.191863 -0.9701161 -3.423405 -2.611811 -3.23782 0.4414134 -0.3064599 -3.145877 -1.423753 -0.4835782 0.5204911 -0.1716313 3.935953 -1.398444 -3.661432 0.4663301 -0.4087968 2.776382 -1.941931 -1.978582 3.979147 -2.82847 0.3919215 -0.7900109 0.3740191 3.443036 3.146629 -3.45379 1.188425 -2.771379 2.277631 -0.4018655 1.439354 -1.80965 -2.658323 -1.444539 -2.047606 -0.3961768 -1.969445 0.4363294 -3.738404 -1.065121 0.02803373 -2.302335 -3.775727 2.961982 -3.820781 3.076295 0.09102678 -3.720576 -1.439284 3.588528 3.951889 3.884051 2.511669 1.384911 -0.07221174 2.103897 -0.6691813 -3.579566 
 fitness= 
28.40004
0.0790925 1.143897 -3.663779 -3.397556 0.9088588 0.6117501 2.338979 1.796494 0.7046981 0.459744 -3.249883 -3.243833 2.543574 -3.806451 2.95702 2.348705 2.724664 3.185064 -0.0230937 -0.01925707 1.488403 0.04882193 -2.592881 -3.722553 3.25517 0.1856112 1.100976 3.850946 -1.209022 1.922876 -2.771027 -0.0639863 -2.841791 -0.7867217 -1.280107 0.9541211 1.35471 -0.8393645 -1.538088 2.059371 2.360228 0.9236922 1.27688 -2.278586 0.833797 1.929836 2.74302 3.968302 0.8510642 -1.312522 1.885546 -1.463697 -1.774444 1.592793 1.203334 -2.105346 1.196807 -1.764622 2.195224 0.3010716 0.03102827 2.685333 0.9034505 -0.3169942 3.597664 -1.14058 
 fitness= 
27.80003
0.2335401 -0.3389993 3.004066 -3.358566 0.4960923 -3.722703 -1.860231 -2.381899 -3.168599 -1.645487 1.450993 -2.648327 -0.1964574 -1.778337 -0.7550521 -3.318257 0.4524398 -0.9843946 -1.232041 3.447822 -3.114858 -1.686614 -0.5087314 -1.382063 0.9863067 2.935514 0.3470378 0.2363305 -2.894887 3.214093 0.5928569 1.730213 -2.111616 -3.085596 2.328419 -3.075152 2.835327 -1.757871 -2.256566 -0.30195 -1.686359 1.975085 1.909295 0.4629455 1.351195 -1.748222 0.151031 -1.262793 2.439938 3.896454 -3.541967 -0.1419301 1.265638 -2.487122 -2.74671 0.8418069 -1.586607 0.5061555 -1.175995 0.03466749 -3.195324 -1.379702 2.715141 1.915535 1.356553 2.807912 
 fitness= 
26.20003
3.787148 -2.091404 2.041072 3.647326 0.8924088 3.276403 -1.239992 -2.822023 1.006534 0.6748643 -2.661768 -2.213786 2.411112 2.500016 1.626806 -2.310364 -0.8962798 1.709007 0.2574019 -2.981363 2.540403 -1.388305 0.122335 0.4053044 -0.4699254 -0.9155364 -1.285462 -0.6150956 -1.984226 -3.229675 -1.869629 3.048658 -0.982429 3.006587 -1.408171 -3.904906 -3.212409 3.871231 1.77497 -2.140162 1.52183 3.668581 -3.337134 2.463449 -1.879516 1.421563 -3.864289 -1.929616 -2.27586 2.766379 0.398026 -2.151866 2.757648 -1.468647 -3.346634 -1.452169 1.521527 -3.932255 1.609924 -0.4451499 -2.633394 -0.7752204 0.1800752 -2.413938 1.727757 -1.477079 
 fitness= 
17.59999
3.086406 2.571571 -3.969347 -1.065135 -0.2970605 2.932289 -0.2770553 -1.637085 -0.2642608 2.451527 -1.940484 2.532316 0.8404889 1.249307 -2.747016 3.664366 -2.272367 1.889499 -2.867703 -3.423872 2.511303 2.439065 0.5570579 -2.190248 -0.7125173 -1.930427 0.5486903 1.904354 3.540529 -3.148211 2.966442 3.734767 1.011442 -1.845362 -3.588315 -1.940018 2.725334 -3.675742 2.881092 1.879192 2.598056 -2.690711 0.1434779 1.459521 0.3849454 -1.778991 -2.929643 1.030398 2.640453 3.01954 -1.278909 -2.384283 2.259418 1.614107 2.406619 3.767863 2.168403 0.7967448 2.554439 -3.382443 -3.467512 0.9182172 0.8229356 -3.414282 -3.094747 -1.052375 
 fitness= 
11.59999
-3.51704 -3.539743 1.284839 2.04108 1.99575 -3.782593 -3.041829 -0.04433489 -2.679239 -2.653708 -1.71082 0.0707221 -3.897212 0.9150786 3.187398 -3.938071 0.517859 -0.5451989 1.002235 3.64115 -2.460555 -2.841455 1.201071 3.321088 1.502638 2.185897 -0.2796788 -2.241989 -3.383595 -3.000006 1.351408 2.732728 -2.727809 2.632757 0.6789145 -0.8869758 0.4958386 -2.325644 3.41322 3.12945 -3.725866 -1.391122 3.95551 -0.0656743 3.708015 2.161016 3.95621 1.339188 3.45907 2.068413 1.112933 -2.597224 -0.7621827 1.583649 -2.360337 -1.910134 3.792233 -2.912611 -2.577732 -0.7974029 1.798653 3.505802 -0.4598022 -2.72475 -3.466058 -3.449161 
 fitness= 
2.6
1.782339 3.094581 1.601646 3.490932 -2.779988 0.7663989 -3.560293 -0.1480212 -1.637128 -2.399367 3.346442 -1.488363 3.233891 -3.231667 2.329197 3.277342 2.248946 1.702979 3.825079 1.731743 2.003783 2.949185 3.113153 2.321667 0.05275106 -0.4041009 1.22227 -0.3033891 -3.254181 2.436581 2.253209 -0.8022122 -0.04806852 -0.8424802 -3.989919 -1.815707 -2.668571 -0.3861976 2.935159 -2.885646 0.9212308 -2.791304 -2.053992 0.9320569 1.252254 1.368258 0.6634641 -0.8243413 -0.182384 3.125796 -3.977972 -1.739039 -0.0567565 -2.53666 0.0467248 0.7434964 1.520786 -2.825217 -3.856566 1.671417 -2.057483 -1.884137 -1.759443 -1.273307 -1.256184 2.021432 
 fitness= 
2.4
2.577116 1.803875 -2.410542 3.186408 -0.9373765 3.014709 -0.3127484 -0.2809539 0.6376643 2.93014 2.006666 -0.6832566 0.9716077 -2.825622 -1.932424 1.606722 3.43822 1.752358 -1.539403 -1.494105 3.902 2.669066 -2.313538 1.352556 3.775953 -0.6286473 1.052816 1.50469 2.418586 -3.524907 0.1249175 2.944283 -2.501764 -3.944526 -3.694931 -2.686123 -1.432099 -0.3312688 -1.946107 -1.66669 -3.206667 -3.387302 -1.361976 1.09798 1.922853 -0.0549655 0.1546645 0.9195752 -2.686532 3.228456 0.2731566 -0.5811725 0.7856688 2.716462 -0.6363626 2.778904 2.152431 -0.296227 -2.277471 2.290866 -3.567731 2.262476 1.031493 -3.846094 0.8655858 3.422559 
 fitness= 
2.2
-2.248418 0.9210496 -2.424488 2.496748 -1.463147 -2.376508 -2.619783 -0.6913028 2.056291 2.800379 0.5319753 -1.956289 0.006850719 1.038879 -0.2753367 -1.414092 -2.843025 -1.322596 -1.125741 -0.3176847 -0.2688355 3.210132 -1.326225 -1.230885 2.317149 -3.543183 -0.4832234 -2.808233 -0.6454864 3.468018 -3.749423 1.834413 -1.555947 -0.8082738 1.305323 -0.1442065 0.7490706 1.074945 3.797569 -2.569418 1.258159 -3.028088 3.632446 2.165954 1.006362 -2.66776 -3.834725 -2.643455 -1.668098 -3.889824 -0.8449206 2.168672 2.842908 -0.7221704 -2.606229 0.6600232 0.3503518 3.138735 1.444672 3.814737 -3.670242 2.11016 3.348854 -1.786172 1.377857 -2.309011 
 fitness= 
2.2
1.169623 -0.4346423 -1.863488 0.8621697 3.042905 2.182887 2.883364 2.150134 0.4840798 -3.900831 -3.982882 1.061766 2.139302 -1.21349 -2.932189 -1.269183 -3.653441 -2.573441 1.716425 1.063967 0.7071824 -3.123029 -0.7921271 3.920758 -3.197546 -2.055299 1.373134 1.094773 2.265139 1.791139 -0.8375411 -0.3796582 3.296887 -0.1313958 -2.161474 -0.37007 -3.508945 0.3613076 -3.957988 1.35228 2.116239 -0.7664084 1.769633 3.457279 1.369227 -2.484038 -1.059296 -3.424478 3.101337 3.522937 3.493302 3.302937 3.457122 -0.117744 -3.580494 2.423272 1.444197 1.251638 -2.098249 3.638027 -2.794482 1.943821 -1.18457 3.014455 -3.074981 3.141195 
 fitness= 
2.2
