-0.8759141 -3.914223 -0.2412438 -3.994222 3.243151 0.07408094 3.718831 -3.508545 2.509154 2.504514 3.528523 -0.3653817 -2.442584 -2.748268 -0.805469 3.466505 0.6386809 -0.723433 -2.230541 -0.5560184 2.505017 0.9198165 -3.2769 3.248756 2.276993 1.528991 3.742568 -3.360384 -0.5444055 1.561875 1.578034 -2.088865 -3.827418 3.921756 0.6696515 -3.468521 2.409405 0.301291 -1.403904 -1.061911 -1.305416 -2.701926 -3.282714 -0.8614354 -1.617124 2.92574 1.095374 -2.590279 -3.128608 0.2546344 -3.359562 0.1697583 -0.4468942 2.356738 -3.268745 1.80478 -2.125605 1.881448 -1.667742 2.113898 3.014369 -2.847976 -0.3717465 3.938365 -1.456042 0.3274665 
 fitness= 
220.8907
-0.8759141 -3.914223 -0.2412438 -3.994222 3.243151 0.07408094 3.718831 0.3623357 -1.751679 2.504514 0.2739739 -0.3653817 -2.442584 -2.748268 -0.805469 3.466505 0.6386809 -0.723433 -2.230541 -0.5560184 2.505017 1.052203 -3.2769 3.248756 0.005047321 1.528991 1.585701 -3.38172 -0.5444055 1.561875 1.578034 -2.088865 -3.827418 3.921756 0.6696515 -3.468521 2.409405 0.301291 -1.403904 -1.061911 2.843832 -2.701926 -3.282714 -3.404432 2.239891 2.92574 1.095374 -2.590279 -3.128608 0.5806022 -3.359562 0.1697583 -0.4468942 2.356738 2.108282 1.80478 -2.125605 1.881448 -1.667742 2.113898 3.014369 -2.847976 -2.147882 3.938365 -1.456042 0.3274665 
 fitness= 
208.2739
3.57353 -3.914223 -0.2412438 -3.994222 3.243151 2.886688 0.3331618 -3.508545 2.509154 -3.134804 3.528523 0.59479 -2.442584 1.769665 0.6758637 3.466505 0.6386809 -0.723433 -1.464759 -0.250154 2.505017 0.9198165 -3.2769 3.248756 0.005047321 1.528991 1.585701 -3.38172 0.514606 -0.8055472 1.578034 3.138599 3.806093 3.921756 0.6696515 -3.468521 2.409405 0.301291 -1.403904 -1.061911 2.843832 -2.701926 -3.282714 -3.404432 -1.617124 2.92574 -2.835147 -2.590279 -3.128608 0.5806022 -2.281398 1.534612 2.004293 2.356738 2.404668 1.80478 -2.125605 2.814322 -1.833112 2.113898 1.922933 -2.847976 -0.3717465 3.938365 -1.456042 0.3274665 
 fitness= 
119.0162
3.57353 -3.914223 -3.330981 -3.994222 3.243151 0.07408094 3.718831 -3.508545 2.509154 -3.134804 3.528523 0.59479 -2.442584 1.769665 0.6758637 3.466505 0.6386809 -0.723433 -1.464759 -0.250154 2.505017 0.9198165 -1.11376 1.107485 0.005047321 -0.4360242 3.742568 -3.38172 0.514606 -0.8055472 1.578034 3.138599 -3.827418 3.921756 0.6696515 3.377586 2.409405 0.301291 -1.403904 1.29078 2.843832 -2.701926 -3.282714 -3.404432 -1.617124 2.92574 -2.835147 1.946151 -2.174816 0.5806022 -2.281398 1.534612 -0.4468942 0.6335721 2.108282 1.80478 -2.125605 2.814322 -1.833112 2.113898 1.922933 -2.847976 -2.525674 3.938365 -1.456042 0.3274665 
 fitness= 
115.5927
3.57353 -3.914223 -3.330981 -3.994222 3.243151 0.07408094 3.718831 0.3623357 2.509154 2.504514 3.528523 0.59479 -2.442584 1.769665 0.6758637 3.466505 0.6386809 -0.723433 -1.464759 -0.250154 -1.304266 1.052203 -1.11376 3.248756 0.005047321 1.528991 3.742568 -3.38172 0.514606 -0.8055472 1.578034 -3.903305 -3.827418 3.921756 0.6696515 -3.468521 2.409405 0.301291 -0.1652284 3.601134 2.843832 -2.701926 -3.282714 -3.404432 -1.617124 2.92574 -2.835147 -2.590279 -3.128608 0.5806022 -2.281398 1.534612 2.004293 0.6335721 2.108282 3.650031 -2.125605 2.814322 -1.833112 2.113898 -1.004232 -2.847976 -0.3717465 3.938365 -1.456042 0.3274665 
 fitness= 
108.152
-0.8759141 -3.914223 -0.2412438 -3.994222 3.243151 0.07408094 3.718831 0.3623357 -1.751679 2.504514 0.6632943 -0.3653817 -2.442584 -2.748268 -0.805469 3.466505 0.6386809 -0.723433 -0.4976344 -0.5560184 2.505017 1.052203 -3.2769 3.248756 2.276993 1.528991 1.585701 -3.38172 -0.5444055 1.561875 0.9493423 -2.088865 -3.827418 3.921756 0.6696515 -3.468521 2.409405 0.301291 -1.403904 -1.061911 2.843832 -1.794019 -3.282714 -3.404432 -1.617124 2.92574 1.095374 1.946151 -3.128608 3.094287 -3.359562 0.1697583 -0.4468942 2.356738 -1.134428 1.80478 -2.125605 1.881448 -1.667742 -3.222836 3.014369 -2.847976 -0.3717465 3.938365 -1.456042 0.3274665 
 fitness= 
64.93423
-0.8759141 -3.914223 -3.330981 -3.994222 3.243151 -0.7335191 3.718831 0.3623357 -1.751679 2.504514 3.528523 1.110507 -2.442584 1.769665 -0.805469 3.466505 0.6386809 -0.723433 -1.464759 -0.250154 2.505017 1.052203 -1.11376 1.107485 -0.2003121 1.528991 3.542923 -3.38172 -0.7223735 2.814832 0.9493423 3.138599 -3.827418 3.921756 0.6696515 -3.468521 2.409405 0.301291 2.137609 1.29078 1.442842 -2.701926 -3.282714 -3.404432 2.690524 2.92574 -2.835147 1.946151 -2.174816 0.5806022 -2.281398 1.534612 -2.522162 0.6335721 2.108282 1.80478 -2.125605 1.881448 -1.833112 2.113898 -1.004232 -2.847976 -0.3717465 3.938365 -1.456042 0.3274665 
 fitness= 
64.54152
-0.8759141 -3.914223 -3.015093 -3.994222 3.243151 0.07408094 3.718831 -3.508545 -1.751679 -3.134804 3.528523 -0.3653817 -2.442584 -2.748268 -0.805469 3.466505 0.6386809 1.479955 -2.230541 -0.5560184 2.505017 1.052203 -3.2769 3.248756 0.005047321 1.528991 1.585701 -3.38172 -0.5444055 1.561875 1.578034 -2.088865 -3.827418 3.921756 0.6696515 -3.468521 2.409405 0.301291 -1.403904 -1.061911 2.843832 -2.843168 -3.282714 -3.404432 -1.617124 2.92574 1.095374 -2.590279 -3.128608 0.2546344 -3.359562 0.1697583 -0.4468942 2.356738 2.108282 -0.3403659 1.873098 1.881448 -1.833112 2.113898 1.631111 -2.847976 -0.3717465 3.938365 -1.456042 0.3274665 
 fitness= 
44.9493
3.199436 -3.914223 -3.330981 -3.994222 3.243151 0.07408094 3.718831 -3.508545 2.509154 -3.134804 3.528523 0.59479 -2.442584 1.769665 0.6758637 3.466505 0.6386809 1.479955 -1.464759 -0.250154 2.505017 0.9198165 -1.11376 3.248756 0.005047321 1.528991 3.742568 -3.38172 -0.5444055 -1.383648 1.578034 3.138599 -3.827418 3.921756 0.6696515 3.377586 2.409405 0.301291 -1.403904 1.29078 2.843832 -2.843168 -3.282714 -3.404432 -1.617124 2.92574 -3.790331 -2.590279 0.8119884 0.2546344 -2.281398 1.534612 2.004293 0.6335721 2.108282 1.80478 -2.125605 2.814322 -0.1959786 2.113898 1.922933 -2.847976 -0.3717465 3.938365 -1.456042 0.3274665 
 fitness= 
43.60026
-0.8759141 -3.914223 -0.2412438 -3.994222 3.243151 0.07408094 3.718831 0.3623357 -1.751679 -3.134804 3.528523 -0.3653817 -2.442584 1.769665 0.6758637 3.466505 0.6386809 -0.723433 -2.230541 -0.5560184 2.505017 -1.319518 -3.2769 3.248756 0.005047321 1.528991 1.585701 -3.38172 -0.5444055 2.814832 0.9493423 3.138599 -3.827418 3.921756 0.6696515 3.377586 -2.428505 0.301291 -1.403904 -1.061911 2.843832 -1.794019 -3.282714 -3.404432 2.690524 2.92574 -2.835147 1.946151 -2.174816 0.2546344 -3.359562 1.534612 -0.4468942 2.356738 2.108282 1.80478 -2.125605 1.881448 3.535781 2.113898 3.014369 -2.847976 -0.3717465 3.938365 -1.456042 0.3940005 
 fitness= 
23.7178
