3.893787 2.598929 0.5706611 -0.4133935 -3.556158 -3.367189 2.687597 3.837513 2.35083 -3.286648 -1.577314 -2.027701 -2.936662 1.214506 1.413421 0.8519111 3.780704 2.963961 2.151231 -1.79256 3.598905 2.144574 -1.718494 -0.535089 -3.428905 -2.925334 -2.032671 -1.765052 -3.538462 -1.173391 -3.289766 -1.439488 -1.207089 2.998484 -3.725977 0.25635 2.927001 3.390481 -3.863933 0.9389367 1.671673 -2.910432 0.17872 -0.3817306 1.034909 -1.967753 2.469715 -3.147225 2.035455 1.587871 -2.6921 -3.288035 -2.432251 2.647676 -3.491065 -3.823432 2.492452 -0.3451409 -1.318447 -1.8055 -0.3907781 2.353661 0.7340989 2.879492 -0.9156556 0.9357934 
 fitness= 
316.8009
3.893787 2.598929 0.5706611 -3.718767 -3.556158 -3.367189 2.687597 3.837513 2.91984 -3.286648 -0.07610559 -3.090668 3.734362 1.214506 1.413421 0.8519111 3.780704 2.963961 2.151231 -2.409822 3.598905 2.144574 -1.718494 -0.535089 -3.428905 0.4988236 -2.032671 -1.765052 -3.538462 -1.173391 -3.289766 -1.439488 -1.207089 2.998484 -3.725977 0.25635 2.927001 -1.576991 -3.863933 2.477482 1.671673 -2.910432 2.324779 -1.361843 1.034909 0.04947138 2.469715 -3.147225 2.035455 1.587871 -2.6921 -1.66009 -2.432251 2.647676 -3.491065 -3.823432 2.492452 -0.3451409 -1.318447 1.206038 -0.4695039 2.353661 0.7340989 2.879492 -0.9156556 0.9357934 
 fitness= 
296.1997
3.652165 2.598929 0.5706611 -3.718767 -3.556158 1.700216 -2.616753 3.837513 2.91984 -3.286648 -0.07610559 -0.2836518 3.734362 1.214506 1.413421 0.8519111 3.780704 2.963961 2.151231 -1.79256 3.598905 2.144574 -1.718494 -0.535089 -3.428905 -2.925334 -2.032671 -1.765052 -3.538462 1.673279 -3.289766 -1.439488 1.527334 -1.224337 -3.725977 0.25635 2.927001 3.390481 -3.863933 2.477482 1.671673 2.539057 0.17872 -0.3817306 1.273158 -1.967753 2.469715 -3.147225 2.035455 -2.32352 -3.686164 -3.288035 -2.432251 2.647676 -3.491065 -3.823432 2.492452 -0.3451409 -1.318447 1.206038 -0.3907781 2.353661 0.7340989 2.879492 -0.9156556 0.9357934 
 fitness= 
291.5994
3.893787 2.598929 0.5706611 -3.718767 -3.556158 -3.367189 -2.616753 3.837513 2.91984 -3.286648 -1.577314 -3.090668 -0.9736915 1.214506 1.413421 0.8519111 3.780704 2.963961 -3.453652 -1.79256 3.598905 2.144574 -1.718494 -0.535089 -2.905672 -2.925334 -2.032671 0.5969481 -3.538462 1.673279 -3.289766 -1.439488 -1.207089 2.998484 -3.725977 0.25635 2.927001 3.390481 -3.863933 2.477482 1.671673 2.539057 0.17872 -0.3817306 1.273158 -1.967753 2.469715 -3.147225 2.035455 -2.848619 -3.686164 -3.891007 -2.432251 2.647676 -3.491065 -3.823432 2.492452 -0.3451409 -1.318447 1.206038 -0.3907781 2.353661 0.7340989 2.879492 -0.9156556 0.9357934 
 fitness= 
279.7987
3.893787 2.598929 0.5706611 -3.718767 -3.556158 -3.367189 -0.8558593 3.837513 2.91984 -3.286648 -1.577314 -3.090668 -2.936662 1.214506 1.413421 0.8519111 3.780704 2.963961 2.151231 -1.79256 3.598905 2.144574 -1.718494 -0.535089 -3.428905 -2.925334 -2.032671 -1.765052 3.346012 -1.173391 -3.289766 -1.439488 -1.207089 2.998484 -2.366674 0.25635 2.927001 3.390481 -3.863933 2.477482 -1.294245 -2.910432 0.17872 -0.3817306 1.034909 -1.967753 2.469715 -3.147225 2.035455 -3.582579 -3.686164 -3.288035 -2.309992 2.647676 -3.491065 -3.823432 2.492452 -0.3451409 -1.318447 1.206038 -0.3907781 2.353661 0.7340989 3.273843 -0.9156556 0.9357934 
 fitness= 
210.1979
3.893787 2.598929 0.5706611 -3.718767 -3.556158 -3.367189 2.687597 3.837513 2.91984 -3.286648 -1.577314 -3.090668 -2.936662 1.214506 1.413421 2.301188 3.780704 2.963961 2.151231 -1.79256 3.598905 2.144574 -1.718494 -0.535089 -3.428905 -2.925334 -2.032671 2.550891 -3.538462 -1.173391 -3.289766 -1.439488 -1.207089 2.998484 -3.725977 0.25635 2.927001 3.390481 -3.863933 2.477482 1.671673 -2.910432 0.17872 -0.3817306 1.034909 -1.967753 2.469715 -3.147225 2.035455 1.587871 -3.686164 -2.987555 -2.432251 2.647676 1.930218 -3.823432 2.492452 -0.3451409 -1.318447 1.206038 -0.3907781 0.8145213 0.7340989 2.879492 -0.9156556 0.9357934 
 fitness= 
28.40004
3.893787 2.598929 0.5706611 0.07551527 -3.556158 -3.367189 -2.616753 3.837513 2.91984 -3.286648 -1.577314 -3.090668 3.734362 1.214506 1.413421 0.8519111 3.780704 2.963961 2.151231 -2.409822 3.598905 2.144574 -1.718494 -0.535089 -1.965569 -2.925334 -2.032671 0.5969481 -3.538462 1.673279 -3.289766 -1.439488 -1.207089 -1.224337 -0.4930482 -0.4180446 3.417385 3.390481 -3.863933 2.477482 -1.294245 -1.026063 0.17872 -0.3817306 1.273158 -1.967753 2.469715 -3.147225 2.035455 -2.848619 -3.686164 -0.4628396 -2.432251 2.647676 -3.491065 -3.823432 2.492452 -0.3451409 -1.280542 1.206038 -0.3907781 2.353661 0.7340989 2.879492 -0.9156556 0.9357934 
 fitness= 
20.80001
3.893787 2.598929 0.5706611 -3.718767 -3.556158 -3.367189 -2.616753 3.837513 2.91984 -3.286648 -1.577314 -1.749367 -2.936662 1.214506 1.413421 0.8519111 3.780704 2.963961 2.151231 -2.409822 3.598905 2.144574 -1.718494 -0.535089 2.648945 -2.925334 -2.032671 -1.765052 -3.538462 1.673279 -3.289766 -1.439488 -1.207089 2.998484 -3.725977 0.25635 2.927001 3.390481 -3.863933 2.477482 1.671673 2.539057 0.17872 -0.3817306 1.034909 -1.967753 2.469715 -3.147225 2.035455 1.587871 -3.686164 -3.288035 3.61445 2.647676 -3.491065 -3.823432 2.492452 -0.3451409 -1.318447 1.206038 -0.3907781 2.353661 0.7340989 2.879492 2.138397 0.9357934 
 fitness= 
18.6
3.893787 2.598929 0.5706611 -3.718767 -3.556158 -3.367189 -2.616753 3.837513 2.91984 -3.286648 -1.577314 -3.090668 3.734362 1.214506 1.413421 0.8519111 -1.059545 2.963961 2.151231 -1.79256 -1.515872 2.144574 -1.718494 -0.535089 -3.428905 -2.925334 -2.032671 -1.765052 -3.538462 1.673279 -3.289766 -1.439488 -1.207089 -2.62504 -3.725977 0.25635 2.927001 3.390481 -3.863933 2.477482 1.671673 2.539057 0.17872 -0.3817306 1.273158 -1.967753 2.469715 -3.147225 2.035455 1.587871 -3.686164 -3.288035 -2.432251 2.647676 -3.491065 -3.823432 -1.187833 -0.3451409 -1.318447 1.206038 -0.3907781 2.353661 0.7340989 2.879492 -0.9156556 0.9357934 
 fitness= 
7.799997
3.893787 2.598929 0.5706611 -3.718767 0.7887464 -3.367189 -2.616753 3.837513 2.91984 -3.286648 -0.07610559 -3.090668 3.734362 1.214506 1.413421 0.8519111 3.780704 2.963961 2.151231 -1.79256 3.598905 2.144574 -1.718494 -0.535089 -3.428905 -2.925334 -2.032671 0.5969481 -3.538462 1.673279 -3.289766 -1.439488 -1.207089 2.997451 -3.725977 0.25635 2.927001 3.390481 0.09009314 2.477482 1.671673 2.539057 3.462785 -0.3817306 1.273158 -1.967753 2.469715 -3.147225 -3.146297 -2.848619 -3.686164 -3.288035 -2.432251 2.647676 -3.491065 -3.823432 2.492452 -0.3451409 -1.318447 1.545505 -0.3907781 2.353661 0.7340989 2.879492 -0.9156556 -2.949539 
 fitness= 
2.8
3.893787 2.598929 0.5706611 -3.718767 -3.556158 -3.367189 2.687597 3.837513 2.91984 -3.286648 -1.577314 -0.2836518 -2.936662 1.214506 0.987042 0.8519111 1.114987 2.963961 2.151231 -1.79256 3.598905 2.144574 -1.718494 -0.535089 -3.428905 -2.925334 -2.032671 -1.765052 -3.538462 1.673279 -3.289766 -1.439488 -1.207089 2.998484 -3.725977 0.25635 2.927001 3.390481 -3.863933 2.477482 1.671673 -2.910432 0.17872 -0.3817306 1.034909 -1.967753 2.469715 -3.147225 2.035455 1.587871 -2.6921 -3.288035 -2.432251 2.647676 -0.8868127 -3.823432 2.492452 2.3009 -1.318447 1.206038 -0.3907781 2.353661 0.7340989 3.273843 -0.9156556 -2.281362 
 fitness= 
2.4
3.893787 2.598929 0.5706611 -3.718767 -3.556158 -3.367189 2.89167 3.837513 2.91984 -3.286648 -1.577314 -3.090668 -2.936662 1.214506 1.413421 0.8519111 3.780704 2.963961 2.151231 -1.79256 3.598905 2.144574 -1.718494 -0.535089 -3.428905 -2.925334 -2.032671 -1.765052 -3.538462 -1.173391 -3.289766 -1.439488 -1.207089 2.998484 -3.725977 0.25635 2.927001 3.390481 -3.863933 2.477482 1.671673 -2.910432 0.17872 -0.3817306 1.034909 -1.967753 2.469715 -3.147225 2.035455 1.587871 -2.6921 -3.288035 -2.432251 2.647676 -3.481521 -3.823432 2.492452 -0.3451409 -1.318447 1.206038 -1.335259 2.353661 0.7340989 3.273843 2.138397 -3.716491 
 fitness= 
2.4
