-0.3659129 -2.502167 0.6587253 -3.718767 -3.556158 1.700216 1.088126 3.837513 -1.398126 -3.286648 -0.6364532 -3.090668 3.734362 -2.389617 -1.180158 -3.342368 3.780704 -0.8624482 2.151231 -2.409822 3.598905 0.2641292 -1.718494 -0.535089 3.922967 0.5074601 -0.5986266 -3.602589 -3.538462 1.673279 -2.73143 1.96565 -0.7947221 -1.224337 2.827222 2.663655 3.108459 1.838373 0.2006574 -2.251714 -2.706047 2.312492 -2.592593 -3.632186 1.034909 -2.627847 2.469715 -3.147225 -1.960648 -2.848619 -2.063468 2.692506 -3.660315 -2.117002 -0.8868127 -3.823432 -3.046064 -0.3451409 0.2705569 1.545505 1.870518 -0.8086238 0.7340989 2.879492 2.046723 1.824427 
 fitness= 
100.7996
3.893787 -2.502167 0.6587253 -3.718767 -3.556158 1.700216 -2.616753 3.837513 -1.398126 1.94648 -0.05941343 -3.090668 3.734362 0.8112874 1.413421 0.8519111 -3.379199 0.6789699 2.151231 -2.409822 3.598905 2.144574 -1.419847 -1.181754 1.417209 -2.925334 1.041968 3.221069 -1.502794 1.673279 -3.289766 -1.439488 -1.207089 2.998484 3.585136 0.25635 2.927001 3.390481 2.236822 2.477482 3.225719 2.312492 3.462785 -0.3817306 1.034909 -1.967753 2.469715 -3.147225 -1.960648 -2.848619 -3.686164 -0.4628396 -2.432251 2.647676 -3.491065 -3.823432 -3.046064 2.553184 0.2705569 1.206038 0.0003180504 2.353661 0.7340989 2.879492 -0.9156556 0.7042432 
 fitness= 
83.79987
3.893787 -2.502167 -3.130921 -3.718767 -3.556158 1.700216 -2.616753 3.837513 -1.398126 -3.286648 -0.05941343 -3.090668 3.734362 0.8112874 1.413421 0.8519111 -3.379199 -0.8624482 2.151231 -2.409822 3.598905 2.144574 -1.718494 -1.181754 1.417209 -2.925334 1.041968 1.664167 -3.538462 -1.173391 -3.289766 -1.439488 -1.207089 -1.224337 2.827222 0.25635 3.108459 3.390481 0.2006574 2.477482 3.225719 -2.910432 3.462785 -0.3817306 2.498013 -2.627847 2.469715 -3.147225 -1.960648 -2.848619 -3.686164 -0.4628396 -2.432251 2.647676 -3.491065 -3.823432 -3.046064 -0.3451409 0.2705569 1.545505 -0.3907781 2.353661 0.7340989 2.879492 -0.9156556 0.9357934 
 fitness= 
57.80015
3.791321 2.598929 0.6587253 -3.718767 -3.556158 1.700216 -3.103936 -2.15212 -1.398126 3.192953 -0.6364532 -3.090668 0.9841695 -2.389617 1.413421 0.7363925 3.780704 -3.961299 -3.453652 -2.409822 3.598905 2.144574 -1.419847 -1.181754 -3.688273 3.681065 1.041968 3.221069 -3.538462 1.673279 -2.73143 -1.439488 -1.267962 -1.224337 -3.725977 0.25635 2.927001 1.838373 2.236822 -1.224629 1.671673 2.312492 1.249223 -0.320291 1.932489 -2.627847 2.469715 -2.041818 -1.847188 -2.848619 -2.063468 -0.4628396 -2.432251 -2.117002 -3.491065 -3.823432 -3.046064 2.553184 0.2705569 1.206038 -0.3907781 -0.8086238 0.7340989 2.879492 -0.9156556 0.9357934 
 fitness= 
54.60014
3.893787 -2.502167 0.6587253 -3.718767 -3.556158 1.700216 -2.616753 3.837513 1.400471 1.94648 -0.05941343 -3.090668 3.734362 0.8112874 1.413421 0.8519111 -3.379199 0.09471273 2.151231 -2.409822 3.598905 2.144574 -1.419847 -1.181754 1.417209 -2.925334 1.041968 1.664167 -3.538462 1.673279 -2.73143 -1.439488 -1.207089 2.998484 2.827222 0.25635 2.927001 1.838373 2.310008 2.477482 3.225719 -2.910432 -1.894764 -0.3817306 1.034909 -1.967753 2.469715 -2.743408 -1.960648 -2.848619 -3.686164 -0.4628396 -2.432251 -2.117002 -3.491065 -3.823432 -3.046064 2.553184 0.2705569 1.206038 -0.3907781 2.353661 0.7340989 2.879492 -0.9156556 0.9357934 
 fitness= 
46.0001
3.893787 -2.502167 -3.130921 -3.718767 -3.556158 1.700216 -3.103936 3.837513 -1.398126 1.94648 -0.05941343 -3.090668 3.734362 0.8112874 1.413421 -3.342368 -3.379199 0.6789699 2.151231 -2.409822 3.598905 2.144574 -1.718494 -1.181754 1.417209 -2.925334 1.041968 -3.602589 -3.538462 1.673279 -3.289766 -1.439488 -1.267962 -2.330197 3.585136 -2.477736 2.927001 1.838373 -2.264557 -2.251714 -2.706047 2.312492 3.462785 -0.3817306 1.034909 -1.967753 2.469715 -3.147225 -1.960648 -2.848619 3.335089 2.692506 -2.432251 2.647676 -3.491065 -3.823432 -3.046064 2.553184 0.2705569 1.206038 -0.3907781 -0.8086238 0.7340989 2.879492 -0.9156556 0.9357934 
 fitness= 
30.20004
3.791321 2.598929 0.6587253 -3.718767 -3.556158 1.700216 -3.103936 -2.15212 -1.398126 3.192953 -0.6364532 -3.090668 0.9841695 -2.389617 1.413421 0.7363925 3.780704 0.82863 2.151231 -2.409822 3.598905 2.144574 -1.419847 -1.181754 -3.688273 0.5074601 -0.5986266 3.221069 -3.538462 1.673279 -2.73143 -1.439488 -1.267962 -1.224337 2.827222 0.25635 2.927001 0.1406779 2.236822 -1.224629 -2.706047 2.312492 1.249223 -2.623299 -2.883735 -2.627847 2.469715 -2.041818 -1.960648 -2.848619 -2.063468 -0.4628396 -2.432251 -2.117002 -3.491065 -3.823432 -3.046064 2.553184 1.434431 1.545505 -0.3907781 -0.8086238 -0.1944222 2.879492 -0.9156556 0.9357934 
 fitness= 
29.20004
-0.1224828 -2.502167 -0.538938 -3.718767 -3.556158 1.700216 -2.616753 3.837513 -1.398126 1.94648 -0.6364532 -3.090668 3.734362 0.8112874 1.413421 0.8519111 -3.379199 0.6789699 2.151231 -2.409822 3.598905 2.144574 -1.718494 -1.181754 1.417209 -2.925334 1.041968 1.664167 -3.538462 1.673279 -2.73143 -1.439488 -1.207089 -1.224337 3.585136 0.25635 3.108459 3.390481 -1.160658 2.477482 -2.706047 2.312492 3.462785 -3.632186 1.034909 -1.967753 2.469715 -3.147225 -1.960648 -2.848619 -3.686164 2.692506 -2.432251 2.647676 -3.491065 -3.823432 -3.046064 -0.3451409 0.2705569 1.545505 1.870518 2.353661 0.7340989 2.879492 2.046723 0.9357934 
 fitness= 
19.8
3.791321 2.598929 0.6587253 -3.718767 -3.556158 -1.448392 -3.103936 -2.15212 -1.398126 3.192953 -0.6364532 -3.090668 3.734362 -1.176822 1.413421 0.7363925 3.780704 -3.961299 2.151231 3.521495 3.598905 2.144574 -1.419847 -1.181754 3.922967 3.681065 -0.5986266 3.221069 -3.538462 1.673279 -2.73143 1.96565 -0.7947221 -1.224337 2.827222 0.25635 2.927001 1.838373 2.236822 -1.224629 -2.706047 2.312492 1.249223 -0.320291 1.034909 -2.627847 2.469715 -3.147225 -1.960648 -2.848619 -2.063468 -0.4628396 -2.432251 -2.117002 -3.491065 -3.823432 -3.046064 2.553184 0.2705569 1.545505 -0.3907781 -0.8086238 0.7340989 0.7982535 2.716346 0.9357934 
 fitness= 
19.2
3.791321 2.598929 0.6587253 -3.718767 -3.556158 1.700216 -3.103936 1.657758 -1.398126 3.192953 -0.6364532 -3.090668 0.9841695 -2.389617 1.413421 0.7363925 3.780704 -3.961299 2.151231 -2.409822 3.598905 2.144574 -1.419847 -1.181754 -3.688273 2.194752 -0.5986266 -3.602589 -3.538462 1.673279 -2.73143 -1.439488 -1.267962 -1.224337 2.827222 0.25635 2.927001 1.838373 2.236822 -1.224629 -2.706047 2.312492 2.970328 -0.320291 -2.883735 -2.627847 2.469715 -2.041818 -1.960648 -2.848619 -3.280159 -0.4628396 -2.432251 -2.117002 -3.491065 -3.823432 -3.046064 2.553184 0.2705569 1.545505 2.888676 -0.8086238 0.7340989 2.879492 -0.9156556 0.9357934 
 fitness= 
18.8
3.791321 -2.502167 0.6587253 -3.718767 -3.556158 1.700216 -3.103936 -2.15212 -1.398126 3.192953 -0.6364532 -3.090668 0.9841695 0.9258828 1.413421 0.7363925 3.780704 -3.961299 2.151231 -2.409822 3.598905 2.144574 -1.718494 -0.535089 -3.688273 -2.925334 -0.5986266 -3.602589 -3.538462 1.673279 -2.73143 -1.439488 -1.267962 -1.224337 2.827222 0.25635 2.927001 1.838373 -1.160658 -1.224629 -2.706047 2.312492 1.249223 -0.320291 1.740298 -2.627847 2.243244 -2.041818 -1.960648 -2.848619 -2.063468 -0.4628396 -2.432251 1.600362 -3.491065 -3.823432 -3.046064 2.553184 0.2705569 1.545505 -0.3907781 -0.8086238 0.7340989 2.879492 -0.9156556 0.9357934 
 fitness= 
8.399997
3.791321 -2.502167 0.6587253 -3.718767 -3.556158 1.700216 -2.616753 3.837513 -1.398126 1.94648 -0.05941343 -3.090668 -0.6021037 -2.389617 1.413421 0.8519111 -3.379199 0.6789699 2.151231 -2.409822 3.598905 2.144574 -1.718494 -1.181754 -0.207334 -2.925334 1.041968 1.664167 -3.538462 1.673279 -3.289766 -1.439488 -1.267962 2.998484 3.585136 0.25635 2.927001 3.390481 -1.160658 2.477482 3.225719 -2.910432 -2.592593 -3.632186 1.034909 -1.967753 2.469715 -3.147225 -1.960648 -2.848619 -3.686164 2.692506 -2.432251 2.647676 -0.4901299 -3.823432 -3.046064 2.553184 0.2705569 1.545505 1.870518 -0.8086238 0.7340989 2.879492 2.046723 0.627275 
 fitness= 
7.199997
