1.680157 2.771572 -2.28935 -2.647931 3.195363 2.652767 2.746348 -2.529569 -1.787489 -3.203361 -1.454452 0.6462541 3.22739 -3.831671 -1.35743 -2.085386 3.791696 2.137556 3.908768 0.5242162 -1.867271 -1.713357 -3.778455 -1.621181 -2.565889 -1.437002 3.77143 -0.5880227 -3.740269 2.931579 -2.583217 0.02162218 -1.982584 -1.993971 -2.949068 -2.939704 3.38004 -0.1934161 0.5350518 3.673471 0.3214307 -0.2577586 3.406505 -3.759842 -3.627279 -2.856918 1.741664 0.7518506 0.5254788 -1.637911 -1.098023 2.660708 1.321586 -2.910061 1.630536 -0.09641218 2.106579 -1.098149 2.414474 -2.929302 -2.525187 0.5546994 0.3832974 0.5856013 -1.480036 0.278646 
 fitness= 
2209.58
1.680157 2.996746 -2.28935 -2.647931 3.195363 2.652767 2.746348 -2.529569 -1.787489 -3.203361 -1.454452 0.6462541 3.22739 -3.831671 -1.35743 3.542818 3.791696 2.908362 3.908768 0.5242162 -1.867271 -1.713357 -3.778455 -1.621181 -2.565889 -3.704168 1.318772 -0.5880227 -3.740269 2.931579 -2.583217 0.02162218 -1.982584 -1.993971 -2.949068 2.898926 3.38004 -0.1934161 -3.744229 3.673471 0.3214307 -0.2577586 3.406505 -3.759842 -3.627279 -2.856918 1.741664 0.7518506 0.5254788 -1.637911 -1.098023 2.660708 1.321586 -2.671227 1.630536 -0.09641218 2.106579 -1.098149 2.414474 -2.929302 -2.525187 0.5546994 0.3832974 0.5856013 -1.480036 0.278646 
 fitness= 
2209.563
1.680157 2.771572 -2.28935 -2.647931 -0.5606675 2.652767 2.746348 -2.529569 -1.787489 -0.1538081 -1.454452 0.6462541 3.22739 -3.831671 -1.35743 3.542818 3.791696 2.908362 -2.905135 0.5242162 -1.867271 -1.713357 -3.778455 -1.621181 -2.565889 -1.437002 3.77143 -0.5880227 -3.740269 2.931579 -2.583217 0.02162218 -1.982584 1.247392 -2.949068 2.898926 3.38004 -0.1934161 -3.744229 3.673471 0.3214307 -0.2577586 3.406505 -3.759842 -3.627279 -2.856918 1.741664 0.7518506 0.5254788 -1.637911 -1.098023 2.660708 1.321586 -0.1345191 1.630536 -0.09641218 2.106579 -1.098149 -0.1209884 -2.929302 -2.525187 0.5546994 0.3832974 0.5856013 -1.480036 0.278646 
 fitness= 
1216.416
1.680157 2.771572 -2.28935 -2.647931 3.195363 2.652767 2.746348 -2.529569 -1.787489 -3.203361 -1.454452 0.6462541 3.22739 -3.831671 -1.35743 3.737849 3.791696 3.893888 3.908768 0.5242162 -1.867271 -1.713357 -3.778455 -1.621181 -2.565889 -1.437002 1.318772 -0.5880227 -3.740269 2.931579 2.280476 0.02162218 -1.982584 -1.993971 -2.949068 2.898926 1.113351 -0.1934161 -3.744229 3.673471 0.3214307 -0.2577586 3.406505 -3.759842 2.031352 -2.856918 1.741664 0.7518506 0.5254788 -0.4454446 -1.098023 0.6361823 0.99544 -2.671227 1.630536 -0.09641218 2.106579 -1.098149 -0.1209884 -2.929302 -1.634799 0.5546994 1.701942 0.5856013 -1.480036 0.278646 
 fitness= 
1212.861
1.680157 2.771572 -2.28935 -2.647931 3.195363 -0.5716491 3.640317 -2.529569 -1.787489 -3.203361 -1.454452 0.6462541 3.22739 -3.831671 -1.35743 -2.085386 3.791696 3.893888 3.908768 0.5242162 -1.867271 -1.713357 -3.778455 -1.621181 -2.565889 -1.437002 -2.02352 -0.5880227 -3.740269 2.931579 2.280476 0.02162218 -1.982584 -1.993971 -2.949068 2.898926 -2.162436 -0.1934161 -3.744229 3.673471 0.3214307 -0.2577586 3.406505 -3.759842 2.031352 -2.856918 1.741664 -2.128862 0.5254788 -0.4454446 -1.098023 0.6361823 1.321586 -3.303968 1.630536 -0.09641218 2.106579 -1.098149 -0.03122377 -2.929302 -1.634799 0.5546994 1.701942 0.5856013 -1.480036 0.278646 
 fitness= 
126.8474
1.680157 2.771572 -3.144926 -2.647931 3.195363 1.845236 2.746348 -2.529569 -1.787489 -3.203361 -1.454452 0.6462541 3.22739 3.895065 -1.35743 3.542818 3.791696 3.893888 -2.905135 0.5242162 -1.867271 -1.713357 -3.778455 -1.621181 -2.565889 -1.437002 -2.02352 -0.5880227 -3.740269 2.931579 2.280476 0.02162218 -1.982584 -1.993971 -2.949068 2.898926 -2.162436 -0.1934161 0.5350518 3.673471 0.3214307 -0.2577586 3.406505 -3.759842 2.031352 -2.856918 1.741664 0.7518506 0.5254788 -0.4454446 -1.098023 2.016612 3.767716 -0.1345191 1.630536 -0.09641218 2.106579 -1.098149 -0.1209884 -2.929302 -2.525187 0.5546994 0.3832974 0.5856013 -1.480036 0.278646 
 fitness= 
108.4865
1.680157 2.771572 -2.28935 -2.647931 -0.5606675 2.652767 0.6042972 -2.529569 0.1158605 -3.203361 -1.454452 0.6462541 3.22739 -3.831671 -2.966014 -0.8488936 3.791696 2.908362 -1.249341 0.5242162 -1.867271 -2.239514 -3.778455 -1.621181 -2.565889 -1.437002 3.77143 -0.5880227 -3.740269 -0.03487158 -2.583217 0.02162218 -1.982584 -1.993971 -2.949068 2.898926 3.38004 -0.1934161 -3.744229 -1.358118 0.3214307 -0.2577586 3.406505 -3.759842 2.031352 -2.856918 1.741664 -2.128862 0.5254788 -1.637911 -1.098023 2.660708 1.321586 -2.910061 1.630536 -0.09641218 2.106579 -1.098149 2.414474 -2.929302 -2.525187 0.5546994 0.3832974 0.5856013 -1.972106 0.278646 
 fitness= 
90.96852
1.680157 2.771572 -1.559424 -2.647931 -0.5235887 2.652767 2.746348 -2.529569 -1.787489 -3.203361 -1.454452 -2.364529 3.22739 -3.831671 -1.35743 3.542818 3.791696 2.908362 -2.905135 0.5242162 -1.867271 -1.713357 -3.778455 -1.621181 -2.565889 -1.437002 3.77143 -0.5880227 -3.740269 2.931579 -2.583217 0.02162218 -1.982584 -1.993971 -2.949068 2.898926 3.38004 -0.1934161 0.5350518 2.086294 0.3214307 -0.2577586 3.406505 -3.759842 -3.627279 -2.856918 1.741664 -2.128862 0.5254788 -0.4454446 -1.098023 2.660708 1.321586 3.80646 1.630536 -0.09641218 2.106579 -1.098149 2.414474 -2.929302 -2.525187 0.5546994 0.3832974 0.5856013 -1.480036 0.278646 
 fitness= 
73.28
1.680157 2.771572 -2.28935 -2.647931 -0.5606675 2.652767 2.746348 -2.529569 -1.787489 -3.203361 -1.454452 0.8849435 3.22739 -3.831671 -1.35743 3.542818 3.791696 3.893888 3.908768 -1.040394 -1.867271 -1.713357 -3.778455 -1.621181 -2.565889 -1.437002 -2.02352 -0.5880227 -3.740269 2.931579 2.280476 0.02162218 -1.982584 -1.993971 -2.949068 -2.681897 -2.162436 -0.1934161 -3.744229 2.086294 0.3214307 -0.2577586 -0.3043694 -3.759842 2.031352 -2.856918 1.741664 -2.128862 0.5254788 -0.4454446 -1.098023 0.6361823 1.321586 -2.671227 1.630536 -0.09641218 2.106579 -1.098149 -0.1209884 -2.929302 -1.634799 0.5546994 0.3832974 0.5856013 -1.480036 0.278646 
 fitness= 
66.39166
1.680157 2.771572 -2.28935 -2.647931 0.4566474 2.652767 2.746348 -2.529569 -2.560485 -3.203361 -1.454452 0.6462541 3.22739 -3.831671 -1.35743 3.542818 3.791696 3.893888 3.908768 0.5242162 -1.867271 -3.693441 -3.778455 -1.621181 -2.565889 -1.437002 1.318772 -0.5880227 -3.740269 -0.03487158 -1.740318 0.02162218 -1.982584 -1.993971 -2.949068 2.898926 3.38004 -0.1934161 -3.744229 3.673471 0.3214307 -0.2577586 3.406505 -3.759842 2.031352 -2.856918 1.741664 0.7518506 0.5254788 -0.4454446 -1.098023 0.6361823 1.321586 -2.671227 1.630536 3.798292 2.106579 -0.1704354 -0.1209884 -2.929302 -1.634799 0.5546994 1.701942 0.5856013 -1.480036 0.278646 
 fitness= 
30.71036
1.680157 -2.430735 -2.28935 -2.647931 3.195363 2.652767 2.746348 -2.529569 -1.787489 -3.203361 -1.454452 -2.364529 3.22739 -3.831671 -1.35743 -0.8488936 3.791696 3.384562 -2.905135 0.5242162 3.678205 -1.713357 -3.778455 -1.621181 -2.565889 -1.437002 3.77143 -0.5880227 -3.740269 2.931579 2.280476 0.02162218 -1.982584 3.458341 -2.949068 2.898926 3.38004 -0.1934161 0.5350518 2.086294 0.3214307 -0.2577586 3.406505 -3.759842 2.031352 -2.856918 1.741664 0.7518506 0.5254788 -0.4454446 -1.098023 2.660708 2.10995 -2.671227 1.630536 -0.09641218 2.106579 -1.098149 2.414474 1.455929 -1.634799 0.5546994 0.3832974 0.5856013 -1.480036 0.278646 
 fitness= 
5.261781
1.680157 2.771572 -2.28935 -2.647931 -0.5606675 2.652767 2.746348 -2.529569 -1.787489 -3.203361 -1.454452 0.6462541 3.22739 -3.831671 -1.35743 3.542818 3.791696 3.893888 -2.905135 0.5242162 -1.867271 -1.713357 -3.778455 -1.621181 -2.565889 -1.437002 3.77143 -0.5880227 -3.740269 2.931579 -2.583217 0.02162218 -1.982584 -1.993971 -2.949068 2.898926 3.38004 -0.1934161 -3.744229 3.673471 0.3214307 -0.2577586 -1.705573 -3.759842 3.985036 -2.856918 1.741664 0.7518506 0.5254788 -0.4454446 -1.098023 2.660708 1.321586 -2.671227 1.252828 -0.09641218 2.106579 -1.098149 2.414474 -2.929302 -2.525187 0.5546994 1.701942 0.5856013 -1.480036 -1.278307 
 fitness= 
-0.1073785
